# Temp(K)	Pressure(MPa)	Experimental(mW/m*K)	NIST(mW/m*K)	Model(mW/m*K)
1.114300000000000068e+02	5.530000000000000471e-01	1.847000000000000171e+02	1.845390000000000157e+02	1.818605405467491778e+02
1.113310000000000031e+02	1.163700000000000045e+01	1.971999999999999886e+02	1.962789999999999964e+02	1.942299299408649915e+02
1.114830000000000041e+02	2.269099999999999895e+01	2.076999999999999886e+02	2.066060000000000230e+02	2.062701697199660202e+02
1.113280000000000030e+02	3.411299999999999955e+01	2.175000000000000000e+02	2.168720000000000141e+02	2.192353391713357667e+02
1.112049999999999983e+02	4.492900000000000205e+01	2.262000000000000171e+02	2.260040000000000191e+02	2.315289230112610426e+02
1.110810000000000031e+02	5.673599999999999710e+01	2.353000000000000114e+02	2.354789999999999850e+02	2.451590410697207574e+02
1.109620000000000033e+02	6.864400000000000546e+01	2.436999999999999886e+02	2.446189999999999998e+02	2.585818787092637763e+02
1.348669999999999902e+02	7.640000000000000124e-01	1.519000000000000057e+02	1.511530000000000200e+02	1.538015792355468534e+02
1.349060000000000059e+02	1.170899999999999963e+01	1.670000000000000000e+02	1.657359999999999900e+02	1.662880352943036257e+02
1.347520000000000095e+02	2.296199999999999974e+01	1.800000000000000000e+02	1.786730000000000018e+02	1.788879611870312090e+02
1.348720000000000141e+02	3.417699999999999960e+01	1.913000000000000114e+02	1.898880000000000052e+02	1.912355962248421122e+02
1.347129999999999939e+02	4.557600000000000051e+01	2.019000000000000057e+02	2.006850000000000023e+02	2.041270104258557012e+02
1.348230000000000075e+02	5.674799999999999756e+01	2.114000000000000057e+02	2.103190000000000168e+02	2.165630595267912781e+02
1.346430000000000007e+02	6.792600000000000193e+01	2.202999999999999829e+02	2.197659999999999911e+02	2.294439878552529706e+02
1.549110000000000014e+02	1.596999999999999975e+00	1.227000000000000028e+02	1.228539999999999992e+02	1.306848383599687793e+02
1.547450000000000045e+02	6.753999999999999559e+00	1.327000000000000171e+02	1.328220000000000027e+02	1.366603985798647898e+02
1.549759999999999991e+02	1.457699999999999996e+01	1.445999999999999943e+02	1.444320000000000164e+02	1.453082187882246501e+02
1.550970000000000084e+02	2.531400000000000006e+01	1.584000000000000057e+02	1.578700000000000045e+02	1.570974746013426682e+02
1.552139999999999986e+02	3.599399999999999977e+01	1.701999999999999886e+02	1.694890000000000043e+02	1.689618364018476484e+02
1.550629999999999882e+02	4.663000000000000256e+01	1.812999999999999829e+02	1.802439999999999998e+02	1.811240677208698742e+02
1.548750000000000000e+02	5.692399999999999949e+01	1.910000000000000000e+02	1.899609999999999843e+02	1.928286597753184992e+02
1.547079999999999984e+02	6.703300000000000125e+01	1.998000000000000114e+02	1.989579999999999984e+02	2.045146877624609942e+02
1.746100000000000136e+02	4.613999999999999879e+00	1.005999999999999943e+02	1.003670000000000044e+02	1.106104386543827616e+02
1.747510000000000048e+02	1.270800000000000018e+01	1.180000000000000000e+02	1.184669999999999987e+02	1.195877172955202070e+02
1.749950000000000045e+02	1.972200000000000131e+01	1.292000000000000171e+02	1.294609999999999843e+02	1.271501066268387774e+02
1.751479999999999961e+02	2.645200000000000173e+01	1.383000000000000114e+02	1.384559999999999889e+02	1.345338932876901765e+02
1.750039999999999907e+02	3.379599999999999937e+01	1.476000000000000227e+02	1.474650000000000034e+02	1.429747930285387838e+02
1.752179999999999893e+02	4.128399999999999892e+01	1.559000000000000057e+02	1.555100000000000193e+02	1.510697549487622382e+02
1.750989999999999895e+02	4.814600000000000080e+01	1.630999999999999943e+02	1.626550000000000011e+02	1.589377639371030853e+02
1.749350000000000023e+02	5.505799999999999983e+01	1.703000000000000114e+02	1.695049999999999955e+02	1.667346712709255883e+02
1.748340000000000032e+02	6.163900000000000290e+01	1.764000000000000057e+02	1.756860000000000070e+02	1.741643382546618000e+02
1.750000000000000000e+02	6.837000000000000455e+01	1.822999999999999829e+02	1.815349999999999966e+02	1.815679116893053333e+02
1.118269999999999982e+02	5.610000000000000542e-01	1.842699999999999818e+02	1.839919999999999902e+02	1.811318118158906714e+02
1.116550000000000011e+02	5.560000000000000497e-01	1.847600000000000193e+02	1.842280000000000086e+02	1.813252631414287919e+02
1.112549999999999955e+02	5.510000000000000453e-01	1.847500000000000000e+02	1.847810000000000059e+02	1.818162069659397559e+02
1.109830000000000041e+02	5.460000000000000409e-01	1.851200000000000045e+02	1.851549999999999727e+02	1.821403739123785215e+02
1.117620000000000005e+02	1.164400000000000013e+01	1.968100000000000023e+02	1.957330000000000041e+02	1.935841527495478545e+02
1.113629999999999995e+02	1.164100000000000001e+01	1.967899999999999920e+02	1.962419999999999902e+02	1.940559221754170096e+02
1.112150000000000034e+02	1.163499999999999979e+01	1.975399999999999920e+02	1.964259999999999877e+02	1.942201933315843121e+02
1.109849999999999994e+02	1.163000000000000078e+01	1.975800000000000125e+02	1.967160000000000082e+02	1.944905405697525111e+02
1.117680000000000007e+02	2.269800000000000040e+01	2.070399999999999920e+02	2.062700000000000102e+02	2.060214632438885758e+02
1.116880000000000024e+02	2.269300000000000139e+01	2.076200000000000045e+02	2.063609999999999900e+02	2.061148869611214423e+02
1.113010000000000019e+02	2.268799999999999883e+01	2.077500000000000000e+02	2.068220000000000027e+02	2.065768856575572840e+02
1.111730000000000018e+02	2.268199999999999861e+01	2.084600000000000080e+02	2.069699999999999989e+02	2.067222424587563410e+02
1.116129999999999995e+02	3.411899999999999977e+01	2.168100000000000023e+02	2.165529999999999973e+02	2.188626589441627743e+02
1.114719999999999942e+02	3.411699999999999733e+01	2.177900000000000205e+02	2.167119999999999891e+02	2.190217624218580852e+02
1.112309999999999945e+02	3.411200000000000188e+01	2.176099999999999852e+02	2.169809999999999945e+02	2.193034079888620624e+02
1.109969999999999999e+02	3.410900000000000176e+01	2.179599999999999795e+02	2.172439999999999998e+02	2.195771958469844094e+02
1.115079999999999956e+02	4.493900000000000006e+01	2.256899999999999977e+02	2.256839999999999975e+02	2.313367224097043504e+02
1.113469999999999942e+02	4.493200000000000216e+01	2.260200000000000102e+02	2.258530000000000086e+02	2.315184726842419423e+02
1.111009999999999991e+02	4.492600000000000193e+01	2.262400000000000091e+02	2.261150000000000091e+02	2.318016106955944053e+02
1.108629999999999995e+02	4.492000000000000171e+01	2.266700000000000159e+02	2.263680000000000234e+02	2.320738477909857522e+02
1.114330000000000069e+02	5.674399999999999977e+01	2.349399999999999977e+02	2.351200000000000045e+02	2.446008491725481235e+02
1.111809999999999974e+02	5.674000000000000199e+01	2.351699999999999875e+02	2.353790000000000191e+02	2.449018657740480478e+02
1.109629999999999939e+02	5.673499999999999943e+01	2.354199999999999875e+02	2.356009999999999991e+02	2.451580411173621883e+02
1.107450000000000045e+02	5.672599999999999909e+01	2.355399999999999920e+02	2.358189999999999884e+02	2.454096558577544158e+02
1.112180000000000035e+02	6.863500000000000512e+01	2.432500000000000000e+02	2.443580000000000041e+02	2.581745394502405020e+02
1.111039999999999992e+02	6.863899999999999579e+01	2.436800000000000068e+02	2.444739999999999895e+02	2.583129212251692479e+02
1.108940000000000055e+02	6.864700000000000557e+01	2.438100000000000023e+02	2.446889999999999930e+02	2.585685725249202278e+02
1.106310000000000002e+02	6.865900000000000603e+01	2.440499999999999829e+02	2.449600000000000080e+02	2.588910585297948046e+02
1.353689999999999998e+02	7.780000000000000249e-01	1.513599999999999852e+02	1.504389999999999930e+02	1.533435643456953414e+02
1.350540000000000020e+02	7.720000000000000195e-01	1.518100000000000023e+02	1.508909999999999911e+02	1.537204667828145546e+02
1.346630000000000109e+02	7.610000000000000098e-01	1.520300000000000011e+02	1.514470000000000027e+02	1.541877385659345805e+02
1.343830000000000098e+02	7.449999999999999956e-01	1.524499999999999886e+02	1.518319999999999936e+02	1.545100960888927659e+02
1.353950000000000102e+02	1.171799999999999997e+01	1.664300000000000068e+02	1.651150000000000091e+02	1.656628256421921321e+02
1.350720000000000027e+02	1.171499999999999986e+01	1.668700000000000045e+02	1.655280000000000200e+02	1.660467504873705877e+02
1.347239999999999895e+02	1.170899999999999963e+01	1.670800000000000125e+02	1.659710000000000036e+02	1.664576114297492211e+02
1.344329999999999927e+02	1.169400000000000084e+01	1.675500000000000114e+02	1.663290000000000077e+02	1.667893823433164187e+02
1.352549999999999955e+02	2.296399999999999864e+01	1.795099999999999909e+02	1.780730000000000075e+02	1.783452322620348411e+02
1.348549999999999898e+02	2.296300000000000097e+01	1.800900000000000034e+02	1.785509999999999877e+02	1.788240135357892200e+02
1.345960000000000036e+02	2.296099999999999852e+01	1.799600000000000080e+02	1.788589999999999804e+02	1.791325188971057116e+02
1.343000000000000114e+02	2.295899999999999963e+01	1.803800000000000239e+02	1.792120000000000175e+02	1.794851583046673795e+02
1.353040000000000020e+02	3.418099999999999739e+01	1.908199999999999932e+02	1.894019999999999868e+02	1.907749683325461945e+02
1.349830000000000041e+02	3.417999999999999972e+01	1.910600000000000023e+02	1.897649999999999864e+02	1.911595070747245018e+02
1.347170000000000130e+02	3.417699999999999960e+01	1.915300000000000011e+02	1.900640000000000214e+02	1.914741877649296384e+02
1.344819999999999993e+02	3.417199999999999704e+01	1.917500000000000000e+02	1.903269999999999982e+02	1.917505690866391888e+02
1.350550000000000068e+02	4.558500000000000085e+01	2.014399999999999977e+02	2.003199999999999932e+02	2.037634804919983935e+02
1.348009999999999877e+02	4.557699999999999818e+01	2.016999999999999886e+02	2.005900000000000034e+02	2.040676961976490702e+02
1.346069999999999993e+02	4.557399999999999807e+01	2.022400000000000091e+02	2.007980000000000018e+02	2.042986355796063549e+02
1.343899999999999864e+02	4.556400000000000006e+01	2.022500000000000000e+02	2.010260000000000105e+02	2.045484298916063324e+02
1.352419999999999902e+02	5.676100000000000279e+01	2.108500000000000227e+02	2.098880000000000052e+02	2.160606770591753616e+02
1.349199999999999875e+02	5.675300000000000011e+01	2.111399999999999864e+02	2.102210000000000036e+02	2.164397070690383202e+02
1.347220000000000084e+02	5.674300000000000210e+01	2.118599999999999852e+02	2.104209999999999923e+02	2.166527192208731663e+02
1.344079999999999870e+02	5.673499999999999943e+01	2.117599999999999909e+02	2.107459999999999809e+02	2.170119816130827246e+02
1.350529999999999973e+02	6.792499999999999716e+01	2.199599999999999795e+02	2.193440000000000225e+02	2.289532366716272236e+02
1.347640000000000100e+02	6.792600000000000193e+01	2.200600000000000023e+02	2.196419999999999959e+02	2.293145577712281522e+02
1.344960000000000093e+02	6.792600000000000193e+01	2.203600000000000136e+02	2.199170000000000016e+02	2.296229032992548298e+02
1.342589999999999861e+02	6.792799999999999727e+01	2.206700000000000159e+02	2.201630000000000109e+02	2.298924301333593121e+02
1.555149999999999864e+02	1.600000000000000089e+00	1.217899999999999920e+02	1.219369999999999976e+02	1.298418776228257627e+02
1.550800000000000125e+02	1.598999999999999977e+00	1.225999999999999943e+02	1.225999999999999943e+02	1.303748992752222193e+02
1.547110000000000127e+02	1.598000000000000087e+00	1.230600000000000023e+02	1.231610000000000014e+02	1.308281901197331933e+02
1.543389999999999986e+02	1.594999999999999973e+00	1.234399999999999977e+02	1.237210000000000036e+02	1.312830011086965669e+02
1.553149999999999977e+02	6.756999999999999673e+00	1.319299999999999784e+02	1.320669999999999789e+02	1.361045927059271605e+02
1.548779999999999859e+02	6.754999999999999893e+00	1.326299999999999955e+02	1.326469999999999914e+02	1.366138979983764727e+02
1.545649999999999977e+02	6.753999999999999559e+00	1.329399999999999977e+02	1.330620000000000118e+02	1.369802355286212503e+02
1.542230000000000132e+02	6.756999999999999673e+00	1.331800000000000068e+02	1.335229999999999961e+02	1.373843179940720347e+02
1.554840000000000089e+02	1.457699999999999996e+01	1.439900000000000091e+02	1.438260000000000218e+02	1.447530512144726345e+02
1.551320000000000050e+02	1.457600000000000051e+01	1.444400000000000261e+02	1.442450000000000045e+02	1.451830537536333452e+02
1.547969999999999970e+02	1.457499999999999929e+01	1.448700000000000045e+02	1.446440000000000055e+02	1.455879246216752563e+02
1.544910000000000139e+02	1.457900000000000063e+01	1.451999999999999886e+02	1.450150000000000148e+02	1.459621504153577121e+02
1.555949999999999989e+02	2.531599999999999895e+01	1.579299999999999784e+02	1.573269999999999982e+02	1.565676079653291879e+02
1.552390000000000043e+02	2.531400000000000006e+01	1.582899999999999920e+02	1.577139999999999986e+02	1.569844529617586488e+02
1.549660000000000082e+02	2.530999999999999872e+01	1.586700000000000159e+02	1.580090000000000146e+02	1.573011190323831556e+02
1.545860000000000127e+02	2.531800000000000139e+01	1.588900000000000148e+02	1.584369999999999834e+02	1.577576841620371511e+02
1.557239999999999895e+02	3.600099999999999767e+01	1.695200000000000102e+02	1.689650000000000034e+02	1.683800705868554815e+02
1.554019999999999868e+02	3.600099999999999767e+01	1.699600000000000080e+02	1.693000000000000114e+02	1.687609210703390374e+02
1.549759999999999991e+02	3.599699999999999989e+01	1.705600000000000023e+02	1.697400000000000091e+02	1.692403990349980063e+02
1.547549999999999955e+02	3.597800000000000153e+01	1.709300000000000068e+02	1.699509999999999934e+02	1.694758831995692958e+02
1.555629999999999882e+02	4.663700000000000045e+01	1.807999999999999829e+02	1.797479999999999905e+02	1.804760430489725991e+02
1.552280000000000086e+02	4.663100000000000023e+01	1.809399999999999977e+02	1.800789999999999793e+02	1.808849215468834188e+02
1.548899999999999864e+02	4.662599999999999767e+01	1.814799999999999898e+02	1.804149999999999920e+02	1.812862641972540416e+02
1.545699999999999932e+02	4.662599999999999767e+01	1.818500000000000227e+02	1.807379999999999995e+02	1.816672298525579379e+02
1.554190000000000111e+02	5.692999999999999972e+01	1.905999999999999943e+02	1.894319999999999879e+02	1.922007011985864153e+02
1.549799999999999898e+02	5.692699999999999960e+01	1.907899999999999920e+02	1.898600000000000136e+02	1.927165955845109124e+02
1.546810000000000116e+02	5.692099999999999937e+01	1.911799999999999784e+02	1.901490000000000009e+02	1.930615794449835789e+02
1.544199999999999875e+02	5.691899999999999693e+01	1.915399999999999920e+02	1.904039999999999964e+02	1.933653444883996144e+02
1.551510000000000105e+02	6.702700000000000102e+01	1.994600000000000080e+02	1.985260000000000105e+02	2.038121007813021492e+02
1.548839999999999861e+02	6.702800000000000580e+01	1.994199999999999875e+02	1.987839999999999918e+02	2.041387358709402520e+02
1.545639999999999930e+02	6.703499999999999659e+01	2.001299999999999955e+02	1.990979999999999848e+02	2.045277797977023226e+02
1.542340000000000089e+02	6.704300000000000637e+01	2.003700000000000045e+02	1.994239999999999782e+02	2.049337042435848844e+02
1.641510000000000105e+02	1.657000000000000028e+00	2.141000000000000014e+01	2.143240000000000123e+01	1.204382811048653537e+02
1.752259999999999991e+02	4.615999999999999659e+00	9.976999999999999602e+01	9.942270000000000607e+01	1.099178913312031796e+02
1.747849999999999966e+02	4.615999999999999659e+00	1.004300000000000068e+02	1.001029999999999944e+02	1.104488441346611580e+02
1.744070000000000107e+02	4.615000000000000213e+00	1.010699999999999932e+02	1.006810000000000116e+02	1.109008362705295383e+02
1.740209999999999866e+02	4.615999999999999659e+00	1.012900000000000063e+02	1.012750000000000057e+02	1.113669427625950163e+02
1.753600000000000136e+02	1.271000000000000085e+01	1.173599999999999994e+02	1.177789999999999964e+02	1.188532743940269825e+02
1.750200000000000102e+02	1.270800000000000018e+01	1.176899999999999977e+02	1.181610000000000014e+02	1.192523233455133607e+02
1.745339999999999918e+02	1.270500000000000007e+01	1.181799999999999926e+02	1.187079999999999984e+02	1.198118018622355123e+02
1.740879999999999939e+02	1.271199999999999974e+01	1.186200000000000045e+02	1.192289999999999992e+02	1.203269593825530421e+02
1.756529999999999916e+02	1.972400000000000020e+01	1.283199999999999932e+02	1.287880000000000109e+02	1.264185221704336755e+02
1.751779999999999973e+02	1.972200000000000131e+01	1.290100000000000193e+02	1.292729999999999961e+02	1.269599804571128061e+02
1.747930000000000064e+02	1.971999999999999886e+01	1.295699999999999932e+02	1.296670000000000016e+02	1.273979154044226618e+02
1.743569999999999993e+02	1.972400000000000020e+01	1.298000000000000114e+02	1.301219999999999857e+02	1.279023318199789969e+02
1.757189999999999941e+02	2.645700000000000074e+01	1.377199999999999989e+02	1.379070000000000107e+02	1.339197772941446090e+02
1.753799999999999955e+02	2.645499999999999829e+01	1.381100000000000136e+02	1.382340000000000089e+02	1.343073614098631197e+02
1.749240000000000066e+02	2.644999999999999929e+01	1.386100000000000136e+02	1.386709999999999923e+02	1.348259354023512913e+02
1.745699999999999932e+02	2.644600000000000151e+01	1.387899999999999920e+02	1.390120000000000005e+02	1.352283771329356910e+02
1.755579999999999927e+02	3.380100000000000193e+01	1.470099999999999909e+02	1.469519999999999982e+02	1.421857911562051413e+02
1.751630000000000109e+02	3.379599999999999937e+01	1.474300000000000068e+02	1.473160000000000025e+02	1.426485266900348279e+02
1.748129999999999882e+02	3.379200000000000159e+01	1.477299999999999898e+02	1.476389999999999816e+02	1.430601235064612240e+02
1.744830000000000041e+02	3.379399999999999693e+01	1.482700000000000102e+02	1.479509999999999934e+02	1.434534515138698794e+02
1.758199999999999932e+02	4.129099999999999682e+01	1.552199999999999989e+02	1.549710000000000036e+02	1.503632306654964736e+02
1.753379999999999939e+02	4.128799999999999670e+01	1.557300000000000182e+02	1.554050000000000011e+02	1.509401612833935076e+02
1.750610000000000070e+02	4.128499999999999659e+01	1.560799999999999841e+02	1.556539999999999964e+02	1.512703109518367341e+02
1.746539999999999964e+02	4.127600000000000335e+01	1.565300000000000011e+02	1.560159999999999911e+02	1.517503036345880787e+02
1.757050000000000125e+02	4.814800000000000324e+01	1.625999999999999943e+02	1.621170000000000186e+02	1.581210102373768791e+02
1.753050000000000068e+02	4.814900000000000091e+01	1.629099999999999966e+02	1.624740000000000180e+02	1.586123736487085125e+02
1.747880000000000109e+02	4.814200000000000301e+01	1.633199999999999932e+02	1.629299999999999784e+02	1.592396169778122612e+02
1.745960000000000036e+02	4.814500000000000313e+01	1.634799999999999898e+02	1.631049999999999898e+02	1.594775961553170589e+02
1.755469999999999970e+02	5.506099999999999994e+01	1.695900000000000034e+02	1.689689999999999941e+02	1.659432924578399877e+02
1.750509999999999877e+02	5.506199999999999761e+01	1.699300000000000068e+02	1.694060000000000059e+02	1.665463101552084311e+02
1.747040000000000077e+02	5.505799999999999983e+01	1.706399999999999864e+02	1.697079999999999984e+02	1.669570348935264690e+02
1.744389999999999930e+02	5.505100000000000193e+01	1.709099999999999966e+02	1.699360000000000070e+02	1.672682584428780501e+02
1.753859999999999957e+02	6.163700000000000045e+01	1.758299999999999841e+02	1.752040000000000077e+02	1.734308418475258691e+02
1.750169999999999959e+02	6.164200000000000301e+01	1.763599999999999852e+02	1.755289999999999964e+02	1.738805026435012451e+02
1.746589999999999918e+02	6.163700000000000045e+01	1.765699999999999932e+02	1.758369999999999891e+02	1.743058487386249737e+02
1.742729999999999961e+02	6.164099999999999824e+01	1.770200000000000102e+02	1.761790000000000020e+02	1.747748629678561656e+02
1.754850000000000136e+02	6.836299999999999955e+01	1.819499999999999886e+02	1.811099999999999852e+02	1.808571945610041212e+02
1.752040000000000077e+02	6.835999999999999943e+01	1.822400000000000091e+02	1.813500000000000227e+02	1.812109708825822167e+02
1.748040000000000020e+02	6.837500000000000000e+01	1.823500000000000227e+02	1.817079999999999984e+02	1.817406689276173779e+02
1.745060000000000002e+02	6.837900000000000489e+01	1.826399999999999864e+02	1.819699999999999989e+02	1.821249191168099912e+02
9.676000000000000512e+01	1.013249999999999984e-01	1.025500000000000078e+01	2.038170000000000073e+02	2.034197465228900228e+02
1.885999999999999943e+02	4.549999999999999822e+00	9.109999999999999432e+01	7.685370000000000346e+01	9.378639340193268481e+01
1.885999999999999943e+02	4.559999999999999609e+00	9.370000000000000284e+01	7.690389999999999304e+01	9.377641478672595099e+01
1.885999999999999943e+02	4.570000000000000284e+00	9.898000000000000398e+01	7.695539999999999736e+01	9.369412520591887983e+01
1.885999999999999943e+02	5.990000000000000213e+00	9.411999999999999034e+01	8.429059999999999775e+01	9.531807117033264376e+01
1.884000000000000057e+02	5.990000000000000213e+00	9.324000000000000909e+01	8.455469999999999686e+01	9.556040890299544799e+01
1.884000000000000057e+02	5.990000000000000213e+00	9.457999999999999829e+01	8.455469999999999686e+01	9.558919545307773546e+01
1.884000000000000057e+02	5.990000000000000213e+00	9.395000000000000284e+01	8.455469999999999686e+01	9.558541726633896474e+01
1.884000000000000057e+02	7.940000000000000391e+00	9.479000000000000625e+01	9.158589999999999520e+01	9.781098202820945176e+01
1.884000000000000057e+02	7.940000000000000391e+00	9.461999999999999034e+01	9.158589999999999520e+01	9.781098202820945176e+01
1.881999999999999886e+02	1.009999999999999964e+01	9.743000000000000682e+01	9.780209999999999582e+01	1.004997464390832533e+02
1.881999999999999886e+02	1.009999999999999964e+01	9.712999999999999545e+01	9.780209999999999582e+01	1.005017425317374773e+02
1.881999999999999886e+02	1.009999999999999964e+01	9.814000000000000057e+01	9.780209999999999582e+01	1.004610243504754123e+02
1.879000000000000057e+02	1.108000000000000007e+01	1.002999999999999972e+02	1.004879999999999995e+02	1.019110293510670999e+02
1.879000000000000057e+02	1.108000000000000007e+01	9.906000000000000227e+01	1.004879999999999995e+02	1.019200514752066056e+02
1.885999999999999943e+02	1.491999999999999993e+01	1.060000000000000000e+02	1.077920000000000016e+02	1.054169825440185662e+02
1.885999999999999943e+02	1.491999999999999993e+01	1.040000000000000000e+02	1.077920000000000016e+02	1.054373657795171653e+02
1.885999999999999943e+02	1.953000000000000114e+01	1.136000000000000085e+02	1.158100000000000023e+02	1.106575387223534221e+02
1.885999999999999943e+02	1.953000000000000114e+01	1.117999999999999972e+02	1.158100000000000023e+02	1.106993581955936747e+02
1.889000000000000057e+02	1.962000000000000099e+01	1.126000000000000085e+02	1.156790000000000020e+02	1.104548758496877099e+02
1.889000000000000057e+02	1.962000000000000099e+01	1.112999999999999972e+02	1.156790000000000020e+02	1.104651129993901293e+02
1.879000000000000057e+02	2.069999999999999929e+01	1.155000000000000000e+02	1.182990000000000066e+02	1.128892842191906709e+02
1.879000000000000057e+02	2.089000000000000057e+01	1.145000000000000000e+02	1.185919999999999987e+02	1.131016999677227375e+02
1.879000000000000057e+02	2.089000000000000057e+01	1.137999999999999972e+02	1.185919999999999987e+02	1.131065990829825694e+02
1.884000000000000057e+02	2.962999999999999901e+01	1.275000000000000000e+02	1.303479999999999848e+02	1.222250636420792489e+02
1.884000000000000057e+02	2.973000000000000043e+01	1.267000000000000028e+02	1.304759999999999991e+02	1.223366757550797956e+02
1.884000000000000057e+02	2.973000000000000043e+01	1.275000000000000000e+02	1.304759999999999991e+02	1.223366757550797956e+02
1.881999999999999886e+02	3.932999999999999829e+01	1.381999999999999886e+02	1.420699999999999932e+02	1.330739851657049826e+02
1.881999999999999886e+02	3.953999999999999915e+01	1.380000000000000000e+02	1.423040000000000020e+02	1.333095124714922406e+02
1.879000000000000057e+02	4.718999999999999773e+01	1.474000000000000057e+02	1.507280000000000086e+02	1.420464115082436933e+02
1.879000000000000057e+02	4.718999999999999773e+01	1.455000000000000000e+02	1.507280000000000086e+02	1.420650096669815525e+02
1.879000000000000057e+02	4.914000000000000057e+01	1.491000000000000227e+02	1.527159999999999798e+02	1.441606339678613153e+02
1.829000000000000057e+02	3.689999999999999947e+00	8.747000000000001307e+01	8.171779999999999688e+01	9.967627591841142021e+01
1.829000000000000057e+02	3.689999999999999947e+00	8.856000000000000227e+01	8.171779999999999688e+01	9.966703888671082723e+01
1.829000000000000057e+02	7.459999999999999964e+00	9.665999999999999659e+01	9.707219999999999516e+01	1.039247292612204205e+02
1.831999999999999886e+02	7.459999999999999964e+00	9.862000000000000455e+01	9.667960000000000775e+01	1.035534150177464880e+02
1.835000000000000000e+02	1.000999999999999979e+01	1.050999999999999943e+02	1.029240000000000066e+02	1.059946883647614300e+02
1.835000000000000000e+02	1.000999999999999979e+01	1.022999999999999972e+02	1.029240000000000066e+02	1.060166554957206699e+02
1.835000000000000000e+02	1.491999999999999993e+01	1.125000000000000000e+02	1.129420000000000073e+02	1.115257605428416241e+02
1.835000000000000000e+02	1.491999999999999993e+01	1.117999999999999972e+02	1.129420000000000073e+02	1.115267145686095205e+02
1.836999999999999886e+02	1.971999999999999886e+01	1.189000000000000057e+02	1.207519999999999953e+02	1.167088477370190844e+02
1.836999999999999886e+02	1.971999999999999886e+01	1.200999999999999943e+02	1.207519999999999953e+02	1.166989022373472835e+02
1.835000000000000000e+02	2.953000000000000114e+01	1.317000000000000171e+02	1.345379999999999825e+02	1.279098753941549376e+02
1.835000000000000000e+02	2.953000000000000114e+01	1.333000000000000114e+02	1.345379999999999825e+02	1.279003265419974582e+02
1.835000000000000000e+02	3.972999999999999687e+01	1.426999999999999886e+02	1.464930000000000234e+02	1.391557685708894212e+02
1.831999999999999886e+02	4.914000000000000057e+01	1.526999999999999886e+02	1.566119999999999948e+02	1.497109231432083334e+02
1.831999999999999886e+02	4.914000000000000057e+01	1.515000000000000000e+02	1.566119999999999948e+02	1.497109231432083334e+02
1.764000000000000057e+02	3.830000000000000071e+00	1.004000000000000057e+02	9.480760000000000787e+01	1.076376590287947295e+02
1.764000000000000057e+02	3.830000000000000071e+00	9.940000000000000568e+01	9.480760000000000787e+01	1.076454424144324946e+02
1.766999999999999886e+02	5.009999999999999787e+00	1.025999999999999943e+02	9.841089999999999804e+01	1.085870518586206401e+02
1.766999999999999886e+02	5.009999999999999787e+00	1.020000000000000000e+02	9.841089999999999804e+01	1.085950881296636794e+02
1.770000000000000000e+02	6.240000000000000213e+00	1.053999999999999915e+02	1.016230000000000047e+02	1.095347668548314743e+02
1.775000000000000000e+02	7.950000000000000178e+00	1.088999999999999915e+02	1.053790000000000049e+02	1.109161669264713339e+02
1.766999999999999886e+02	7.950000000000000178e+00	1.080000000000000000e+02	1.064090000000000060e+02	1.118300630813196221e+02
1.770000000000000000e+02	1.006000000000000050e+01	1.126000000000000085e+02	1.107349999999999994e+02	1.138140009428805399e+02
1.775000000000000000e+02	1.167999999999999972e+01	1.164000000000000057e+02	1.134119999999999919e+02	1.150542279683218965e+02
1.775000000000000000e+02	1.167999999999999972e+01	1.152999999999999972e+02	1.134119999999999919e+02	1.150542279683218965e+02
1.765000000000000000e+02	1.971999999999999886e+01	1.272999999999999972e+02	1.279170000000000016e+02	1.251813874753168818e+02
1.765000000000000000e+02	1.971999999999999886e+01	1.290000000000000000e+02	1.279170000000000016e+02	1.251813874753168818e+02
1.765000000000000000e+02	2.953000000000000114e+01	1.405999999999999943e+02	1.410039999999999907e+02	1.363810889239238691e+02
1.766999999999999886e+02	3.918999999999999773e+01	1.501000000000000227e+02	1.519199999999999875e+02	1.466616611072463172e+02
1.766999999999999886e+02	3.918999999999999773e+01	1.491000000000000227e+02	1.519199999999999875e+02	1.466632309565711694e+02
1.770000000000000000e+02	4.879999999999999716e+01	1.580000000000000000e+02	1.616189999999999998e+02	1.568024783437113001e+02
1.770000000000000000e+02	4.879999999999999716e+01	1.590000000000000000e+02	1.616189999999999998e+02	1.567877788206262721e+02
1.650000000000000000e+02	3.589999999999999858e+00	1.247000000000000028e+02	1.121439999999999912e+02	1.211623626843993691e+02
1.655000000000000000e+02	3.589999999999999858e+00	1.250000000000000000e+02	1.113920000000000101e+02	1.205406540174168128e+02
1.641999999999999886e+02	5.200000000000000178e+00	1.260999999999999943e+02	1.170100000000000051e+02	1.239631062282891207e+02
1.650000000000000000e+02	5.400000000000000355e+00	1.267999999999999972e+02	1.163259999999999934e+02	1.231719764279951619e+02
1.653000000000000114e+02	7.950000000000000178e+00	1.313000000000000114e+02	1.211109999999999900e+02	1.256450220614657667e+02
1.646999999999999886e+02	9.710000000000000853e+00	1.342000000000000171e+02	1.250989999999999895e+02	1.283367852146270991e+02
1.660000000000000000e+02	1.481000000000000050e+01	1.416999999999999886e+02	1.318900000000000148e+02	1.323576574320143209e+02
1.646999999999999886e+02	2.035999999999999943e+01	1.474000000000000057e+02	1.412340000000000089e+02	1.401874484683907269e+02
1.646999999999999886e+02	2.035999999999999943e+01	1.485000000000000000e+02	1.412340000000000089e+02	1.401648800549943985e+02
1.661999999999999886e+02	2.932999999999999829e+01	1.572000000000000171e+02	1.508569999999999993e+02	1.484288823670833040e+02
1.646999999999999886e+02	2.953000000000000114e+01	1.572000000000000171e+02	1.526140000000000043e+02	1.504041035889490558e+02
1.641999999999999886e+02	3.914000000000000057e+01	1.673000000000000114e+02	1.636769999999999925e+02	1.616765938364334829e+02
1.641999999999999886e+02	4.914000000000000057e+01	1.753000000000000114e+02	1.736989999999999839e+02	1.726831315752757234e+02
1.641999999999999886e+02	4.914000000000000057e+01	1.756999999999999886e+02	1.736989999999999839e+02	1.726782591944763396e+02
1.526999999999999886e+02	1.600000000000000089e+00	1.446999999999999886e+02	1.262139999999999986e+02	1.338635141477484183e+02
1.526999999999999886e+02	3.069999999999999840e+00	1.481999999999999886e+02	1.290840000000000032e+02	1.355247907649104491e+02
1.521999999999999886e+02	7.360000000000000320e+00	1.535000000000000000e+02	1.371979999999999791e+02	1.409971097452196602e+02
1.521999999999999886e+02	7.360000000000000320e+00	1.567000000000000171e+02	1.371979999999999791e+02	1.409963939286454035e+02
1.526999999999999886e+02	9.910000000000000142e+00	1.569000000000000057e+02	1.405060000000000002e+02	1.432977898434535575e+02
1.518000000000000114e+02	1.059999999999999964e+01	1.585999999999999943e+02	1.426699999999999875e+02	1.451754535803264616e+02
1.529000000000000057e+02	1.481000000000000050e+01	1.640999999999999943e+02	1.472369999999999948e+02	1.484895415886796286e+02
1.531999999999999886e+02	1.481000000000000050e+01	1.640000000000000000e+02	1.468770000000000095e+02	1.481201148000790795e+02
1.526999999999999886e+02	1.971999999999999886e+01	1.710999999999999943e+02	1.538309999999999889e+02	1.540555527328730534e+02
1.529000000000000057e+02	2.912999999999999901e+01	1.806000000000000227e+02	1.645969999999999800e+02	1.641847028712732026e+02
1.526999999999999886e+02	2.932999999999999829e+01	1.781999999999999886e+02	1.650339999999999918e+02	1.646550756078923428e+02
1.529000000000000057e+02	3.914000000000000057e+01	1.850000000000000000e+02	1.751179999999999950e+02	1.752132171810391412e+02
1.529000000000000057e+02	3.914000000000000057e+01	1.879000000000000057e+02	1.751179999999999950e+02	1.752132171810391412e+02
1.526999999999999886e+02	3.924000000000000199e+01	1.847999999999999829e+02	1.754269999999999925e+02	1.755960667474370780e+02
1.526999999999999886e+02	4.914000000000000057e+01	1.943000000000000114e+02	1.850030000000000143e+02	1.865213629999220757e+02
1.410000000000000000e+02	1.469999999999999973e+00	1.680999999999999943e+02	1.432880000000000109e+02	1.475541269737600203e+02
1.410000000000000000e+02	3.359999999999999876e+00	1.700999999999999943e+02	1.462580000000000098e+02	1.496782080758885343e+02
1.410000000000000000e+02	3.359999999999999876e+00	1.705000000000000000e+02	1.462580000000000098e+02	1.496761018873231706e+02
1.410000000000000000e+02	5.099999999999999645e+00	1.729000000000000057e+02	1.488629999999999995e+02	1.516396019056767557e+02
1.408000000000000114e+02	5.990000000000000213e+00	1.735000000000000000e+02	1.504250000000000114e+02	1.529013753831677604e+02
1.399000000000000057e+02	7.940000000000000391e+00	1.774000000000000057e+02	1.543559999999999945e+02	1.562840699668346076e+02
1.393000000000000114e+02	7.940000000000000391e+00	1.740000000000000000e+02	1.551550000000000011e+02	1.570513827146033350e+02
1.395000000000000000e+02	9.320000000000000284e+00	1.774000000000000057e+02	1.567340000000000089e+02	1.583220029302385683e+02
1.395000000000000000e+02	1.207000000000000028e+01	1.807999999999999829e+02	1.602789999999999964e+02	1.613673299906310206e+02
1.395000000000000000e+02	1.481000000000000050e+01	1.831999999999999886e+02	1.636599999999999966e+02	1.644621880429528176e+02
1.403000000000000114e+02	1.962000000000000099e+01	1.884000000000000057e+02	1.683310000000000173e+02	1.689483620254407867e+02
1.400000000000000000e+02	1.971999999999999886e+01	1.870999999999999943e+02	1.688060000000000116e+02	1.694265667701271525e+02
1.400000000000000000e+02	2.971999999999999886e+01	1.967000000000000171e+02	1.796080000000000041e+02	1.804290895144875435e+02
1.400000000000000000e+02	3.972999999999999687e+01	2.011999999999999886e+02	1.895000000000000000e+02	1.914602637500769333e+02
1.400000000000000000e+02	4.914000000000000057e+01	2.104000000000000057e+02	1.981940000000000168e+02	2.018448700925635819e+02
1.177999999999999972e+02	4.600000000000000200e-01	1.968000000000000114e+02	1.754310000000000116e+02	1.745410041598388204e+02
1.190000000000000000e+02	6.969999999999999751e+00	2.010000000000000000e+02	1.812839999999999918e+02	1.804258418834888857e+02
1.197000000000000028e+02	1.148000000000000043e+01	2.003000000000000114e+02	1.852760000000000105e+02	1.847002801191931951e+02
1.197000000000000028e+02	1.148000000000000043e+01	2.054000000000000057e+02	1.852760000000000105e+02	1.846658597764297838e+02
1.195000000000000000e+02	1.491999999999999993e+01	2.068000000000000114e+02	1.891419999999999959e+02	1.888503335794228519e+02
1.180000000000000000e+02	1.971999999999999886e+01	2.117999999999999829e+02	1.958439999999999941e+02	1.958661588158137761e+02
1.175999999999999943e+02	2.953000000000000114e+01	2.172000000000000171e+02	2.055750000000000171e+02	2.071482855420509281e+02
1.175999999999999943e+02	3.924000000000000199e+01	2.233999999999999773e+02	2.141690000000000111e+02	2.177769012653252503e+02
1.199000000000000057e+02	3.942999999999999972e+01	2.233999999999999773e+02	2.117360000000000184e+02	2.151993092926190627e+02
1.199000000000000057e+02	4.875000000000000000e+01	2.290999999999999943e+02	2.196639999999999873e+02	2.256044708993319148e+02
1.199000000000000057e+02	4.895000000000000284e+01	2.265000000000000000e+02	2.198299999999999841e+02	2.258816400712512973e+02
1.089000000000000057e+02	2.950000000000000178e+00	2.088000000000000114e+02	1.906119999999999948e+02	1.882266018906383920e+02
1.089000000000000057e+02	2.950000000000000178e+00	2.097999999999999829e+02	1.906119999999999948e+02	1.882192976831968849e+02
1.094000000000000057e+02	4.700000000000000178e+00	2.090000000000000000e+02	1.917680000000000007e+02	1.895937801349213601e+02
1.094000000000000057e+02	4.700000000000000178e+00	2.111999999999999886e+02	1.917680000000000007e+02	1.895900308354789843e+02
1.092000000000000028e+02	9.810000000000000497e+00	2.135000000000000000e+02	1.972090000000000032e+02	1.954824526294712825e+02
1.099000000000000057e+02	1.481000000000000050e+01	2.152999999999999829e+02	2.011810000000000116e+02	2.002576185192265825e+02
1.099000000000000057e+02	1.481000000000000050e+01	2.167999999999999829e+02	2.011810000000000116e+02	2.002576185192265825e+02
1.092000000000000028e+02	1.971999999999999886e+01	2.202999999999999829e+02	2.066379999999999768e+02	2.065253255523206803e+02
1.092000000000000028e+02	1.971999999999999886e+01	2.200000000000000000e+02	2.066379999999999768e+02	2.065279902087846722e+02
1.094000000000000057e+02	2.953000000000000114e+01	2.255999999999999943e+02	2.151359999999999957e+02	2.170013110691880911e+02
1.094000000000000057e+02	3.893999999999999773e+01	2.300000000000000000e+02	2.230800000000000125e+02	2.273664899022219572e+02
1.094000000000000057e+02	3.914000000000000057e+01	2.300000000000000000e+02	2.232450000000000045e+02	2.275975668181424112e+02
1.094000000000000057e+02	4.972999999999999687e+01	2.378000000000000114e+02	2.317710000000000150e+02	2.393399418384634032e+02
1.094000000000000057e+02	4.992999999999999972e+01	2.350000000000000000e+02	2.319279999999999973e+02	2.395685269265300406e+02
9.893000000000000682e+01	3.044000000000000128e+01	2.676100000000000136e+02	2.275459999999999923e+02	2.298937362902794064e+02
9.898999999999999488e+01	2.030999999999999872e+01	2.254800000000000182e+02	2.191550000000000011e+02	2.192541673080941678e+02
9.901000000000000512e+01	1.013000000000000078e+01	2.165199999999999818e+02	2.102740000000000009e+02	2.079086957646960059e+02
9.901999999999999602e+01	5.120000000000000107e+00	2.117100000000000080e+02	2.056779999999999973e+02	2.021799766674455441e+02
9.901999999999999602e+01	2.560000000000000053e+00	2.091600000000000250e+02	2.032680000000000007e+02	1.992589814359090497e+02
9.903000000000000114e+01	1.600000000000000033e-01	2.069000000000000057e+02	2.009489999999999839e+02	1.964976863733336643e+02
1.254699999999999989e+02	5.067000000000000171e+01	2.189899999999999807e+02	2.151999999999999886e+02	2.211028442799068046e+02
1.254899999999999949e+02	4.067999999999999972e+01	2.101200000000000045e+02	2.065310000000000059e+02	2.096374539313268883e+02
1.255499999999999972e+02	3.041000000000000014e+01	2.003300000000000125e+02	1.970459999999999923e+02	1.983482937966356587e+02
1.255300000000000011e+02	2.041000000000000014e+01	1.899099999999999966e+02	1.872270000000000039e+02	1.876153052280654379e+02
1.255400000000000063e+02	1.015000000000000036e+01	1.782400000000000091e+02	1.761430000000000007e+02	1.760495384286886065e+02
1.256099999999999994e+02	5.080000000000000071e+00	1.713799999999999955e+02	1.700649999999999977e+02	1.702853674585623196e+02
1.256200000000000045e+02	2.430000000000000160e+00	1.680300000000000011e+02	1.667419999999999902e+02	1.673730442596782666e+02
1.502299999999999898e+02	5.074000000000000199e+01	1.923799999999999955e+02	1.889929999999999950e+02	1.913687126423126585e+02
1.502500000000000000e+02	4.053999999999999915e+01	1.828400000000000034e+02	1.792820000000000107e+02	1.800155578953608426e+02
1.502800000000000011e+02	3.044000000000000128e+01	1.716699999999999875e+02	1.688780000000000143e+02	1.688444016868968163e+02
1.502800000000000011e+02	2.048000000000000043e+01	1.595399999999999920e+02	1.575550000000000068e+02	1.579162072977049149e+02
1.502800000000000011e+02	1.013000000000000078e+01	1.455999999999999943e+02	1.439110000000000014e+02	1.461460220088186475e+02
1.502899999999999920e+02	5.040000000000000036e+00	1.374000000000000057e+02	1.359750000000000227e+02	1.403944909186331245e+02
1.503000000000000114e+02	2.620000000000000107e+00	1.328799999999999955e+02	1.317240000000000180e+02	1.376828882444701208e+02
1.751299999999999955e+02	5.067000000000000171e+01	1.665200000000000102e+02	1.651160000000000139e+02	1.612776429379880483e+02
1.751399999999999864e+02	4.057999999999999829e+01	1.561899999999999977e+02	1.548329999999999984e+02	1.501436491864700145e+02
1.751699999999999875e+02	3.041000000000000014e+01	1.444300000000000068e+02	1.433329999999999984e+02	1.388748172244625323e+02
1.751500000000000057e+02	2.041000000000000014e+01	1.309200000000000159e+02	1.302969999999999970e+02	1.276964147744475326e+02
1.751599999999999966e+02	1.013000000000000078e+01	1.140599999999999881e+02	1.130879999999999939e+02	1.161961492681591892e+02
1.751500000000000057e+02	5.129999999999999893e+00	1.027600000000000051e+02	1.011090000000000089e+02	1.106564307415142991e+02
1.108679999999999950e+02	2.039999999999999869e-01	1.845999999999999943e+02	1.849369999999999834e+02	1.825904439648236348e+02
1.110019999999999953e+02	1.100000000000000089e+00	1.855900000000000034e+02	1.857389999999999759e+02	1.834360944410964862e+02
1.109710000000000036e+02	2.236000000000000210e+00	1.870000000000000000e+02	1.870219999999999914e+02	1.847525098148063876e+02
1.112019999999999982e+02	3.270000000000000018e+00	1.880600000000000023e+02	1.878220000000000027e+02	1.856361685145701585e+02
1.110240000000000009e+02	4.269000000000000128e+00	1.890300000000000011e+02	1.891299999999999955e+02	1.869868276225022896e+02
1.108970000000000056e+02	5.269000000000000128e+00	1.900999999999999943e+02	1.903559999999999945e+02	1.882738935024972591e+02
1.110379999999999967e+02	6.336999999999999744e+00	1.910399999999999920e+02	1.912820000000000107e+02	1.893077051994265219e+02
1.107180000000000035e+02	7.403999999999999915e+00	1.925500000000000114e+02	1.928070000000000164e+02	1.908963509244733814e+02
1.109519999999999982e+02	8.644999999999999574e+00	1.940900000000000034e+02	1.937669999999999959e+02	1.920103505539037201e+02
1.248059999999999974e+02	7.209999999999999742e-01	1.644099999999999966e+02	1.657039999999999793e+02	1.665770474678965343e+02
1.249849999999999994e+02	1.754999999999999893e+00	1.661999999999999886e+02	1.667820000000000107e+02	1.674792199674611481e+02
1.250589999999999975e+02	2.718999999999999861e+00	1.673900000000000148e+02	1.679019999999999868e+02	1.684454365200817563e+02
1.250340000000000060e+02	3.822000000000000064e+00	1.689699999999999989e+02	1.693149999999999977e+02	1.696793553048324554e+02
1.248670000000000044e+02	4.924000000000000377e+00	1.704099999999999966e+02	1.708990000000000009e+02	1.710809034287742065e+02
1.251959999999999980e+02	5.956999999999999851e+00	1.721299999999999955e+02	1.716959999999999980e+02	1.718100514027096608e+02
1.247279999999999944e+02	7.059999999999999609e+00	1.734399999999999977e+02	1.736459999999999866e+02	1.735693537355803073e+02
1.247840000000000060e+02	8.368999999999999773e+00	1.750999999999999943e+02	1.750999999999999943e+02	1.749558627968016822e+02
1.554799999999999898e+02	1.514000000000000012e+00	1.221099999999999994e+02	1.218029999999999973e+02	1.304474166197001921e+02
1.552510000000000048e+02	2.306000000000000050e+00	1.228499999999999943e+02	1.238329999999999984e+02	1.315950490625258453e+02
1.549530000000000030e+02	2.891000000000000014e+00	1.254699999999999989e+02	1.254619999999999891e+02	1.325918096976304810e+02
1.551920000000000073e+02	3.374000000000000110e+00	1.259399999999999977e+02	1.260689999999999884e+02	1.328519036582112847e+02
1.549689999999999941e+02	4.131999999999999673e+00	1.275199999999999960e+02	1.278410000000000082e+02	1.339482366033427354e+02
1.550339999999999918e+02	4.924000000000000377e+00	1.290800000000000125e+02	1.292169999999999845e+02	1.347423038626116067e+02
1.552849999999999966e+02	5.647999999999999687e+00	1.301799999999999784e+02	1.301750000000000114e+02	1.352557011655869701e+02
1.547259999999999991e+02	6.301999999999999602e+00	1.310900000000000034e+02	1.320759999999999934e+02	1.366355669075539652e+02
1.549950000000000045e+02	7.128999999999999559e+00	1.326400000000000148e+02	1.331229999999999905e+02	1.372366801960759517e+02
1.545980000000000132e+02	7.886999999999999567e+00	1.340300000000000011e+02	1.348979999999999961e+02	1.385399786914135234e+02
1.551670000000000016e+02	8.576000000000000512e+00	1.355099999999999909e+02	1.352750000000000057e+02	1.386499028045620605e+02
1.803360000000000127e+02	3.753000000000000114e+00	8.969000000000001194e+01	8.736829999999999075e+01	1.028734904286879441e+02
1.805089999999999861e+02	4.131999999999999673e+00	9.114999999999999147e+01	8.887659999999999627e+01	1.030675128722762111e+02
1.801320000000000050e+02	4.580000000000000071e+00	9.303000000000000114e+01	9.144469999999999743e+01	1.040015351572335760e+02
1.801719999999999970e+02	5.027000000000000135e+00	9.396000000000000796e+01	9.309640000000000271e+01	1.044675759532674135e+02
1.802549999999999955e+02	5.578000000000000291e+00	9.511999999999999034e+01	9.490859999999999275e+01	1.049722540934521646e+02
1.801390000000000100e+02	6.094999999999999751e+00	9.701000000000000512e+01	9.675469999999999970e+01	1.056592648043185250e+02
1.800579999999999927e+02	6.783999999999999808e+00	9.901000000000000512e+01	9.892929999999999779e+01	1.065396157290037422e+02
1.799890000000000043e+02	7.334999999999999964e+00	1.004899999999999949e+02	1.005579999999999927e+02	1.072166326327141235e+02
1.799050000000000011e+02	8.230999999999999872e+00	1.026100000000000136e+02	1.029950000000000045e+02	1.082798082224960865e+02
1.399199999999999875e+02	5.999799999999999756e+01	2.048799999999999955e+02	2.077549999999999955e+02	2.141431400735691568e+02
1.400699999999999932e+02	5.999799999999999756e+01	2.046999999999999886e+02	2.075999999999999943e+02	2.139570486492069961e+02
1.399499999999999886e+02	5.000099999999999767e+01	1.964500000000000171e+02	1.990190000000000055e+02	2.030279979494554254e+02
1.399699999999999989e+02	5.000099999999999767e+01	1.958300000000000125e+02	1.989980000000000189e+02	2.030074057970545027e+02
1.400000000000000000e+02	4.000399999999999778e+01	1.872999999999999829e+02	1.897610000000000241e+02	1.917407878759951245e+02
1.400099999999999909e+02	4.000399999999999778e+01	1.873700000000000045e+02	1.897500000000000000e+02	1.917290568969617368e+02
1.400900000000000034e+02	3.000600000000000023e+01	1.768700000000000045e+02	1.797989999999999782e+02	1.805785035704786878e+02
1.400000000000000000e+02	3.000600000000000023e+01	1.775999999999999943e+02	1.799010000000000105e+02	1.806848548888614516e+02
1.200799999999999983e+02	1.000399999999999956e+01	1.795600000000000023e+02	1.831859999999999786e+02	1.824024466639531568e+02
1.200100000000000051e+02	1.000399999999999956e+01	1.796500000000000057e+02	1.832779999999999916e+02	1.824869980266688287e+02
1.200799999999999983e+02	1.000399999999999956e+01	1.797400000000000091e+02	1.831859999999999786e+02	1.824012899047974372e+02
1.199000000000000057e+02	2.000199999999999889e+01	1.901599999999999966e+02	1.937709999999999866e+02	1.939367921117483604e+02
1.198900000000000006e+02	2.000199999999999889e+01	1.908000000000000114e+02	1.937830000000000155e+02	1.939087559224367396e+02
1.200400000000000063e+02	2.999899999999999878e+01	1.999600000000000080e+02	2.031350000000000193e+02	2.046502088602960612e+02
1.199099999999999966e+02	2.999899999999999878e+01	2.003199999999999932e+02	2.032879999999999825e+02	2.048041252018394971e+02
1.199399999999999977e+02	4.000399999999999778e+01	2.088700000000000045e+02	2.121899999999999977e+02	2.156848285819120576e+02
1.198599999999999994e+02	4.000399999999999778e+01	2.093299999999999841e+02	2.122810000000000059e+02	2.157779533046605422e+02
1.210100000000000051e+02	5.000099999999999767e+01	2.129900000000000091e+02	2.194939999999999998e+02	2.254147622542010936e+02
1.399000000000000057e+02	2.000199999999999889e+01	1.668600000000000136e+02	1.692470000000000141e+02	1.698973994296678995e+02
1.399300000000000068e+02	2.000199999999999889e+01	1.663199999999999932e+02	1.692110000000000127e+02	1.698643821234742006e+02
1.398899999999999864e+02	1.000399999999999956e+01	1.540499999999999829e+02	1.571230000000000189e+02	1.585474024660527732e+02
1.398899999999999864e+02	1.000399999999999956e+01	1.542000000000000171e+02	1.571230000000000189e+02	1.585456852169967021e+02
1.398899999999999864e+02	1.000399999999999956e+01	1.538499999999999943e+02	1.571230000000000189e+02	1.585456852169967021e+02
1.399199999999999875e+02	4.998999999999999666e+00	1.470900000000000034e+02	1.502040000000000077e+02	1.528159768304274735e+02
1.399000000000000057e+02	4.998999999999999666e+00	1.471899999999999977e+02	1.502319999999999993e+02	1.528398698667227222e+02
1.399499999999999886e+02	2.495999999999999996e+00	1.432400000000000091e+02	1.464240000000000066e+02	1.499580459822768148e+02
1.399499999999999886e+02	2.495999999999999996e+00	1.433899999999999864e+02	1.464240000000000066e+02	1.499580459822768148e+02
1.599300000000000068e+02	2.495999999999999996e+00	1.153299999999999983e+02	1.172009999999999934e+02	1.262613404545421361e+02
1.599399999999999977e+02	2.495999999999999996e+00	1.150799999999999983e+02	1.171859999999999928e+02	1.262489329024379288e+02
1.599000000000000057e+02	2.000199999999999889e+01	1.437700000000000102e+02	1.460349999999999966e+02	1.455704716487730366e+02
1.598899999999999864e+02	2.000199999999999889e+01	1.437400000000000091e+02	1.460460000000000207e+02	1.455831353649933249e+02
1.599600000000000080e+02	2.999899999999999878e+01	1.561700000000000159e+02	1.580439999999999827e+02	1.566482857918883269e+02
1.599799999999999898e+02	2.999899999999999878e+01	1.558199999999999932e+02	1.580229999999999961e+02	1.566252584759776028e+02
1.599799999999999898e+02	1.000399999999999956e+01	1.293100000000000023e+02	1.314800000000000182e+02	1.344405344562453593e+02
1.599799999999999898e+02	1.000399999999999956e+01	1.291599999999999966e+02	1.314800000000000182e+02	1.344411243427938416e+02
1.599799999999999898e+02	4.998999999999999666e+00	1.202899999999999920e+02	1.224869999999999948e+02	1.289486481814501815e+02
1.600099999999999909e+02	4.998999999999999666e+00	1.199400000000000119e+02	1.224449999999999932e+02	1.289114223179040266e+02
1.600399999999999920e+02	2.495999999999999996e+00	1.151800000000000068e+02	1.170330000000000013e+02	1.261333587061427295e+02
1.600000000000000000e+02	2.495999999999999996e+00	1.149300000000000068e+02	1.170940000000000083e+02	1.261829886576237243e+02
1.600000000000000000e+02	4.000399999999999778e+01	1.667400000000000091e+02	1.687359999999999900e+02	1.677717305422017660e+02
1.600000000000000000e+02	4.000399999999999778e+01	1.666400000000000148e+02	1.687359999999999900e+02	1.677721243604077586e+02
1.600000000000000000e+02	4.999399999999999977e+01	1.768100000000000023e+02	1.785610000000000070e+02	1.788266466424889813e+02
1.599499999999999886e+02	4.999399999999999977e+01	1.769799999999999898e+02	1.786089999999999804e+02	1.788817161674655836e+02
1.599799999999999898e+02	5.999799999999999756e+01	1.855300000000000011e+02	1.877729999999999961e+02	1.901767504015384986e+02
1.599699999999999989e+02	5.999799999999999756e+01	1.857999999999999829e+02	1.877820000000000107e+02	1.901807504151699391e+02
1.600500000000000114e+02	6.999599999999999511e+01	1.935999999999999943e+02	1.964029999999999916e+02	2.012605943214307445e+02
1.599399999999999977e+02	6.999599999999999511e+01	1.941700000000000159e+02	1.965060000000000002e+02	2.013827469664929026e+02
1.799600000000000080e+02	6.999599999999999511e+01	1.769799999999999898e+02	1.787379999999999995e+02	1.772026057844679485e+02
1.800000000000000000e+02	6.999599999999999511e+01	1.770600000000000023e+02	1.787040000000000077e+02	1.771517540108455080e+02
1.799099999999999966e+02	5.999799999999999756e+01	1.682800000000000011e+02	1.698209999999999980e+02	1.657337697377384131e+02
1.799600000000000080e+02	5.000099999999999767e+01	1.583700000000000045e+02	1.602319999999999993e+02	1.547362907667926777e+02
1.799199999999999875e+02	4.000399999999999778e+01	1.481699999999999875e+02	1.499189999999999827e+02	1.437120299082156123e+02
1.799499999999999886e+02	2.999899999999999878e+01	1.365300000000000011e+02	1.383559999999999945e+02	1.326420411974394256e+02
1.800000000000000000e+02	2.000199999999999889e+01	1.229100000000000108e+02	1.248120000000000118e+02	1.215945387272726919e+02
1.799799999999999898e+02	2.000199999999999889e+01	1.227899999999999920e+02	1.248319999999999936e+02	1.216193075200847602e+02
1.799799999999999898e+02	9.996999999999999886e+00	1.060000000000000000e+02	1.070420000000000016e+02	1.100961239050051290e+02
1.799799999999999898e+02	9.996999999999999886e+00	1.058299999999999983e+02	1.070420000000000016e+02	1.100961239050051290e+02
1.799799999999999898e+02	4.998999999999999666e+00	9.392000000000000171e+01	9.329610000000000980e+01	1.046004314055627162e+02
1.799900000000000091e+02	4.998999999999999666e+00	9.415999999999999659e+01	9.328029999999999688e+01	1.045857995510931175e+02
