# Temp(K)	Pressure(MPa)	Experimental(mW/m*K)	NIST(mW/m*K)	Model(mW/m*K)
1.114300000000000068e+02	5.530000000000000471e-01	1.847000000000000171e+02	1.845390000000000157e+02	1.853565741636083999e+02
1.113310000000000031e+02	1.163700000000000045e+01	1.971999999999999886e+02	1.962789999999999964e+02	1.945828916068984427e+02
1.114830000000000041e+02	2.269099999999999895e+01	2.076999999999999886e+02	2.066060000000000230e+02	2.031328982290283705e+02
1.113280000000000030e+02	3.411299999999999955e+01	2.175000000000000000e+02	2.168720000000000141e+02	2.117838374686482155e+02
1.112049999999999983e+02	4.492900000000000205e+01	2.262000000000000171e+02	2.260040000000000191e+02	2.195177804649765392e+02
1.110810000000000031e+02	5.673599999999999710e+01	2.353000000000000114e+02	2.354789999999999850e+02	2.274679318224836777e+02
1.109620000000000033e+02	6.864400000000000546e+01	2.436999999999999886e+02	2.446189999999999998e+02	2.349707172489348181e+02
1.348669999999999902e+02	7.640000000000000124e-01	1.519000000000000057e+02	1.511530000000000200e+02	1.594757049586349353e+02
1.349060000000000059e+02	1.170899999999999963e+01	1.670000000000000000e+02	1.657359999999999900e+02	1.703924078124038601e+02
1.347520000000000095e+02	2.296199999999999974e+01	1.800000000000000000e+02	1.786730000000000018e+02	1.813935504507148551e+02
1.348720000000000141e+02	3.417699999999999960e+01	1.913000000000000114e+02	1.898880000000000052e+02	1.916306307575043775e+02
1.347129999999999939e+02	4.557600000000000051e+01	2.019000000000000057e+02	2.006850000000000023e+02	2.018561063437677774e+02
1.348230000000000075e+02	5.674799999999999756e+01	2.114000000000000057e+02	2.103190000000000168e+02	2.112031803840317536e+02
1.346430000000000007e+02	6.792600000000000193e+01	2.202999999999999829e+02	2.197659999999999911e+02	2.203458925761471505e+02
1.549110000000000014e+02	1.596999999999999975e+00	1.227000000000000028e+02	1.228539999999999992e+02	1.342101094649787569e+02
1.547450000000000045e+02	6.753999999999999559e+00	1.327000000000000171e+02	1.328220000000000027e+02	1.404203967824429924e+02
1.549759999999999991e+02	1.457699999999999996e+01	1.445999999999999943e+02	1.444320000000000164e+02	1.490151714394160649e+02
1.550970000000000084e+02	2.531400000000000006e+01	1.584000000000000057e+02	1.578700000000000045e+02	1.607481342414945971e+02
1.552139999999999986e+02	3.599399999999999977e+01	1.701999999999999886e+02	1.694890000000000043e+02	1.720453339650799762e+02
1.550629999999999882e+02	4.663000000000000256e+01	1.812999999999999829e+02	1.802439999999999998e+02	1.832036693970838144e+02
1.548750000000000000e+02	5.692399999999999949e+01	1.910000000000000000e+02	1.899609999999999843e+02	1.936468954876964403e+02
1.547079999999999984e+02	6.703300000000000125e+01	1.998000000000000114e+02	1.989579999999999984e+02	2.035000497563521549e+02
1.746100000000000136e+02	4.613999999999999879e+00	1.005999999999999943e+02	1.003670000000000044e+02	1.089562631013587293e+02
1.747510000000000048e+02	1.270800000000000018e+01	1.180000000000000000e+02	1.184669999999999987e+02	1.192243144942278974e+02
1.749950000000000045e+02	1.972200000000000131e+01	1.292000000000000171e+02	1.294609999999999843e+02	1.277771736915027958e+02
1.751479999999999961e+02	2.645200000000000173e+01	1.383000000000000114e+02	1.384559999999999889e+02	1.359599003335395366e+02
1.750039999999999907e+02	3.379599999999999937e+01	1.476000000000000227e+02	1.474650000000000034e+02	1.451420898336028245e+02
1.752179999999999893e+02	4.128399999999999892e+01	1.559000000000000057e+02	1.555100000000000193e+02	1.538347864158319567e+02
1.750989999999999895e+02	4.814600000000000080e+01	1.630999999999999943e+02	1.626550000000000011e+02	1.620370864262143868e+02
1.749350000000000023e+02	5.505799999999999983e+01	1.703000000000000114e+02	1.695049999999999955e+02	1.701730184507479464e+02
1.748340000000000032e+02	6.163900000000000290e+01	1.764000000000000057e+02	1.756860000000000070e+02	1.776874175664108861e+02
1.750000000000000000e+02	6.837000000000000455e+01	1.822999999999999829e+02	1.815349999999999966e+02	1.849194423305701491e+02
1.118269999999999982e+02	5.610000000000000542e-01	1.842699999999999818e+02	1.839919999999999902e+02	1.849628071161820912e+02
1.116550000000000011e+02	5.560000000000000497e-01	1.847600000000000193e+02	1.842280000000000086e+02	1.851322798153614144e+02
1.112549999999999955e+02	5.510000000000000453e-01	1.847500000000000000e+02	1.847810000000000059e+02	1.855309954201168523e+02
1.109830000000000041e+02	5.460000000000000409e-01	1.851200000000000045e+02	1.851549999999999727e+02	1.857999658454199334e+02
1.117620000000000005e+02	1.164400000000000013e+01	1.968100000000000023e+02	1.957330000000000041e+02	1.941902629372617071e+02
1.113629999999999995e+02	1.164100000000000001e+01	1.967899999999999920e+02	1.962419999999999902e+02	1.945565964977536737e+02
1.112150000000000034e+02	1.163499999999999979e+01	1.975399999999999920e+02	1.964259999999999877e+02	1.946881909495843956e+02
1.109849999999999994e+02	1.163000000000000078e+01	1.975800000000000125e+02	1.967160000000000082e+02	1.948957941512802279e+02
1.117680000000000007e+02	2.269800000000000040e+01	2.070399999999999920e+02	2.062700000000000102e+02	2.028986122598653310e+02
1.116880000000000024e+02	2.269300000000000139e+01	2.076200000000000045e+02	2.063609999999999900e+02	2.029621155483418988e+02
1.113010000000000019e+02	2.268799999999999883e+01	2.077500000000000000e+02	2.068220000000000027e+02	2.033336114102269789e+02
1.111730000000000018e+02	2.268199999999999861e+01	2.084600000000000080e+02	2.069699999999999989e+02	2.034352736586002095e+02
1.116129999999999995e+02	3.411899999999999977e+01	2.168100000000000023e+02	2.165529999999999973e+02	2.114094787192450724e+02
1.114719999999999942e+02	3.411699999999999733e+01	2.177900000000000205e+02	2.167119999999999891e+02	2.115128455949237036e+02
1.112309999999999945e+02	3.411200000000000188e+01	2.176099999999999852e+02	2.169809999999999945e+02	2.116880128077455652e+02
1.109969999999999999e+02	3.410900000000000176e+01	2.179599999999999795e+02	2.172439999999999998e+02	2.118588971571597313e+02
1.115079999999999956e+02	4.493900000000000006e+01	2.256899999999999977e+02	2.256839999999999975e+02	2.187611097147133137e+02
1.113469999999999942e+02	4.493200000000000216e+01	2.260200000000000102e+02	2.258530000000000086e+02	2.188624444702935534e+02
1.111009999999999991e+02	4.492600000000000193e+01	2.262400000000000091e+02	2.261150000000000091e+02	2.190198731705701221e+02
1.108629999999999995e+02	4.492000000000000171e+01	2.266700000000000159e+02	2.263680000000000234e+02	2.191715577689909651e+02
1.114330000000000069e+02	5.674399999999999977e+01	2.349399999999999977e+02	2.351200000000000045e+02	2.260655326123628868e+02
1.111809999999999974e+02	5.674000000000000199e+01	2.351699999999999875e+02	2.353790000000000191e+02	2.262053354065101018e+02
1.109629999999999939e+02	5.673499999999999943e+01	2.354199999999999875e+02	2.356009999999999991e+02	2.263249300008203591e+02
1.107450000000000045e+02	5.672599999999999909e+01	2.355399999999999920e+02	2.358189999999999884e+02	2.264417932974731116e+02
1.112180000000000035e+02	6.863500000000000512e+01	2.432500000000000000e+02	2.443580000000000041e+02	2.327640185649408977e+02
1.111039999999999992e+02	6.863899999999999579e+01	2.436800000000000068e+02	2.444739999999999895e+02	2.328196590007619307e+02
1.108940000000000055e+02	6.864700000000000557e+01	2.438100000000000023e+02	2.446889999999999930e+02	2.329221564639350674e+02
1.106310000000000002e+02	6.865900000000000603e+01	2.440499999999999829e+02	2.449600000000000080e+02	2.330509487503970831e+02
1.353689999999999998e+02	7.780000000000000249e-01	1.513599999999999852e+02	1.504389999999999930e+02	1.588428676209379375e+02
1.350540000000000020e+02	7.720000000000000195e-01	1.518100000000000023e+02	1.508909999999999911e+02	1.592201971734164374e+02
1.346630000000000109e+02	7.610000000000000098e-01	1.520300000000000011e+02	1.514470000000000027e+02	1.596836305750777285e+02
1.343830000000000098e+02	7.449999999999999956e-01	1.524499999999999886e+02	1.518319999999999936e+02	1.600061895160668257e+02
1.353950000000000102e+02	1.171799999999999997e+01	1.664300000000000068e+02	1.651150000000000091e+02	1.700450895941231693e+02
1.350720000000000027e+02	1.171499999999999986e+01	1.668700000000000045e+02	1.655280000000000200e+02	1.704079248736240970e+02
1.347239999999999895e+02	1.170899999999999963e+01	1.670800000000000125e+02	1.659710000000000036e+02	1.707950520068708329e+02
1.344329999999999927e+02	1.169400000000000084e+01	1.675500000000000114e+02	1.663290000000000077e+02	1.711080523008014609e+02
1.352549999999999955e+02	2.296399999999999864e+01	1.795099999999999909e+02	1.780730000000000075e+02	1.811102266737430000e+02
1.348549999999999898e+02	2.296300000000000097e+01	1.800900000000000034e+02	1.785509999999999877e+02	1.815265125441373186e+02
1.345960000000000036e+02	2.296099999999999852e+01	1.799600000000000080e+02	1.788589999999999804e+02	1.817940220969304050e+02
1.343000000000000114e+02	2.295899999999999963e+01	1.803800000000000239e+02	1.792120000000000175e+02	1.820992804853862026e+02
1.353040000000000020e+02	3.418099999999999739e+01	1.908199999999999932e+02	1.894019999999999868e+02	1.913060507555848631e+02
1.349830000000000041e+02	3.417999999999999972e+01	1.910600000000000023e+02	1.897649999999999864e+02	1.916121011047325737e+02
1.347170000000000130e+02	3.417699999999999960e+01	1.915300000000000011e+02	1.900640000000000214e+02	1.918630977822874684e+02
1.344819999999999993e+02	3.417199999999999704e+01	1.917500000000000000e+02	1.903269999999999982e+02	1.920822554605840935e+02
1.350550000000000068e+02	4.558500000000000085e+01	2.014399999999999977e+02	2.003199999999999932e+02	2.012891473872467714e+02
1.348009999999999877e+02	4.557699999999999818e+01	2.016999999999999886e+02	2.005900000000000034e+02	2.015022877809919351e+02
1.346069999999999993e+02	4.557399999999999807e+01	2.022400000000000091e+02	2.007980000000000018e+02	2.016672654367023654e+02
1.343899999999999864e+02	4.556400000000000006e+01	2.022500000000000000e+02	2.010260000000000105e+02	2.018459567310398484e+02
1.352419999999999902e+02	5.676100000000000279e+01	2.108500000000000227e+02	2.098880000000000052e+02	2.100568652128159783e+02
1.349199999999999875e+02	5.675300000000000011e+01	2.111399999999999864e+02	2.102210000000000036e+02	2.103015897641111280e+02
1.347220000000000084e+02	5.674300000000000210e+01	2.118599999999999852e+02	2.104209999999999923e+02	2.104477302498813742e+02
1.344079999999999870e+02	5.673499999999999943e+01	2.117599999999999909e+02	2.107459999999999809e+02	2.106848307450170807e+02
1.350529999999999973e+02	6.792499999999999716e+01	2.199599999999999795e+02	2.193440000000000225e+02	2.201460486510935084e+02
1.347640000000000100e+02	6.792600000000000193e+01	2.200600000000000023e+02	2.196419999999999959e+02	2.203510292209303429e+02
1.344960000000000093e+02	6.792600000000000193e+01	2.203600000000000136e+02	2.199170000000000016e+02	2.205397225994902328e+02
1.342589999999999861e+02	6.792799999999999727e+01	2.206700000000000159e+02	2.201630000000000109e+02	2.207075993753008731e+02
1.555149999999999864e+02	1.600000000000000089e+00	1.217899999999999920e+02	1.219369999999999976e+02	1.348160246091619854e+02
1.550800000000000125e+02	1.598999999999999977e+00	1.225999999999999943e+02	1.225999999999999943e+02	1.354158792368533568e+02
1.547110000000000127e+02	1.598000000000000087e+00	1.230600000000000023e+02	1.231610000000000014e+02	1.359232221063045358e+02
1.543389999999999986e+02	1.594999999999999973e+00	1.234399999999999977e+02	1.237210000000000036e+02	1.364311881566914337e+02
1.553149999999999977e+02	6.756999999999999673e+00	1.319299999999999784e+02	1.320669999999999789e+02	1.409643339495327723e+02
1.548779999999999859e+02	6.754999999999999893e+00	1.326299999999999955e+02	1.326469999999999914e+02	1.415483353342660848e+02
1.545649999999999977e+02	6.753999999999999559e+00	1.329399999999999977e+02	1.330620000000000118e+02	1.419660657979697476e+02
1.542230000000000132e+02	6.756999999999999673e+00	1.331800000000000068e+02	1.335229999999999961e+02	1.424260921956626191e+02
1.554840000000000089e+02	1.457699999999999996e+01	1.439900000000000091e+02	1.438260000000000218e+02	1.494845084224947414e+02
1.551320000000000050e+02	1.457600000000000051e+01	1.444400000000000261e+02	1.442450000000000045e+02	1.499358749942205691e+02
1.547969999999999970e+02	1.457499999999999929e+01	1.448700000000000045e+02	1.446440000000000055e+02	1.503643617601213691e+02
1.544910000000000139e+02	1.457900000000000063e+01	1.451999999999999886e+02	1.450150000000000148e+02	1.507602769154601958e+02
1.555949999999999989e+02	2.531599999999999895e+01	1.579299999999999784e+02	1.573269999999999982e+02	1.610362889008252409e+02
1.552390000000000043e+02	2.531400000000000006e+01	1.582899999999999920e+02	1.577139999999999986e+02	1.614637471015540200e+02
1.549660000000000082e+02	2.530999999999999872e+01	1.586700000000000159e+02	1.580090000000000146e+02	1.617881509529279356e+02
1.545860000000000127e+02	2.531800000000000139e+01	1.588900000000000148e+02	1.584369999999999834e+02	1.622530507457660747e+02
1.557239999999999895e+02	3.600099999999999767e+01	1.695200000000000102e+02	1.689650000000000034e+02	1.721512595720506056e+02
1.554019999999999868e+02	3.600099999999999767e+01	1.699600000000000080e+02	1.693000000000000114e+02	1.725147223169461768e+02
1.549759999999999991e+02	3.599699999999999989e+01	1.705600000000000023e+02	1.697400000000000091e+02	1.729900200267471746e+02
1.547549999999999955e+02	3.597800000000000153e+01	1.709300000000000068e+02	1.699509999999999934e+02	1.732185273918989878e+02
1.555629999999999882e+02	4.663700000000000045e+01	1.807999999999999829e+02	1.797479999999999905e+02	1.831679569982527482e+02
1.552280000000000086e+02	4.663100000000000023e+01	1.809399999999999977e+02	1.800789999999999793e+02	1.835131627177386235e+02
1.548899999999999864e+02	4.662599999999999767e+01	1.814799999999999898e+02	1.804149999999999920e+02	1.838615192213549960e+02
1.545699999999999932e+02	4.662599999999999767e+01	1.818500000000000227e+02	1.807379999999999995e+02	1.841951075961704873e+02
1.554190000000000111e+02	5.692999999999999972e+01	1.905999999999999943e+02	1.894319999999999879e+02	1.934404049188978547e+02
1.549799999999999898e+02	5.692699999999999960e+01	1.907899999999999920e+02	1.898600000000000136e+02	1.938634462305660691e+02
1.546810000000000116e+02	5.692099999999999937e+01	1.911799999999999784e+02	1.901490000000000009e+02	1.941467956312429806e+02
1.544199999999999875e+02	5.691899999999999693e+01	1.915399999999999920e+02	1.904039999999999964e+02	1.943966049850096454e+02
1.551510000000000105e+02	6.702700000000000102e+01	1.994600000000000080e+02	1.985260000000000105e+02	2.032717503988618830e+02
1.548839999999999861e+02	6.702800000000000580e+01	1.994199999999999875e+02	1.987839999999999918e+02	2.035112939364954627e+02
1.545639999999999930e+02	6.703499999999999659e+01	2.001299999999999955e+02	1.990979999999999848e+02	2.038029173167046793e+02
1.542340000000000089e+02	6.704300000000000637e+01	2.003700000000000045e+02	1.994239999999999782e+02	2.041033788726455214e+02
1.641510000000000105e+02	1.657000000000000028e+00	2.141000000000000014e+01	2.143240000000000123e+01	1.226021038212455778e+02
1.752259999999999991e+02	4.615999999999999659e+00	9.976999999999999602e+01	9.942270000000000607e+01	1.096916957525648115e+02
1.747849999999999966e+02	4.615999999999999659e+00	1.004300000000000068e+02	1.001029999999999944e+02	1.103691036245032535e+02
1.744070000000000107e+02	4.615000000000000213e+00	1.010699999999999932e+02	1.006810000000000116e+02	1.109470711919673249e+02
1.740209999999999866e+02	4.615999999999999659e+00	1.012900000000000063e+02	1.012750000000000057e+02	1.115385324929495141e+02
1.753600000000000136e+02	1.271000000000000085e+01	1.173599999999999994e+02	1.177789999999999964e+02	1.197860958021342128e+02
1.750200000000000102e+02	1.270800000000000018e+01	1.176899999999999977e+02	1.181610000000000014e+02	1.170547432448731797e+02
1.745339999999999918e+02	1.270500000000000007e+01	1.181799999999999926e+02	1.187079999999999984e+02	1.177934721350277982e+02
1.740879999999999939e+02	1.271199999999999974e+01	1.186200000000000045e+02	1.192289999999999992e+02	1.184823547485792972e+02
1.756529999999999916e+02	1.972400000000000020e+01	1.283199999999999932e+02	1.287880000000000109e+02	1.253253991341530877e+02
1.751779999999999973e+02	1.972200000000000131e+01	1.290100000000000193e+02	1.292729999999999961e+02	1.260252258992334191e+02
1.747930000000000064e+02	1.971999999999999886e+01	1.295699999999999932e+02	1.296670000000000016e+02	1.265904314691126444e+02
1.743569999999999993e+02	1.972400000000000020e+01	1.298000000000000114e+02	1.301219999999999857e+02	1.272369506836285495e+02
1.757189999999999941e+02	2.645700000000000074e+01	1.377199999999999989e+02	1.379070000000000107e+02	1.339041101637193947e+02
1.753799999999999955e+02	2.645499999999999829e+01	1.381100000000000136e+02	1.382340000000000089e+02	1.343852927426499662e+02
1.749240000000000066e+02	2.644999999999999929e+01	1.386100000000000136e+02	1.386709999999999923e+02	1.350279460342591165e+02
1.745699999999999932e+02	2.644600000000000151e+01	1.387899999999999920e+02	1.390120000000000005e+02	1.355253870002653116e+02
1.755579999999999927e+02	3.380100000000000193e+01	1.470099999999999909e+02	1.469519999999999982e+02	1.433700913813200657e+02
1.751630000000000109e+02	3.379599999999999937e+01	1.474300000000000068e+02	1.473160000000000025e+02	1.439039499118673291e+02
1.748129999999999882e+02	3.379200000000000159e+01	1.477299999999999898e+02	1.476389999999999816e+02	1.443763324057630086e+02
1.744830000000000041e+02	3.379399999999999693e+01	1.482700000000000102e+02	1.479509999999999934e+02	1.448278165291113453e+02
1.758199999999999932e+02	4.129099999999999682e+01	1.552199999999999989e+02	1.549710000000000036e+02	1.522115653934748423e+02
1.753379999999999939e+02	4.128799999999999670e+01	1.557300000000000182e+02	1.554050000000000011e+02	1.528394426058332556e+02
1.750610000000000070e+02	4.128499999999999659e+01	1.560799999999999841e+02	1.556539999999999964e+02	1.531977679525755320e+02
1.746539999999999964e+02	4.127600000000000335e+01	1.565300000000000011e+02	1.560159999999999911e+02	1.537174611529507331e+02
1.757050000000000125e+02	4.814800000000000324e+01	1.625999999999999943e+02	1.621170000000000186e+02	1.605713123191992224e+02
1.753050000000000068e+02	4.814900000000000091e+01	1.629099999999999966e+02	1.624740000000000180e+02	1.610746479292374431e+02
1.747880000000000109e+02	4.814200000000000301e+01	1.633199999999999932e+02	1.629299999999999784e+02	1.617132439055262694e+02
1.745960000000000036e+02	4.814500000000000313e+01	1.634799999999999898e+02	1.631049999999999898e+02	1.619563553531008040e+02
1.755469999999999970e+02	5.506099999999999994e+01	1.695900000000000034e+02	1.689689999999999941e+02	1.688360462793122281e+02
1.750509999999999877e+02	5.506199999999999761e+01	1.699300000000000068e+02	1.694060000000000059e+02	1.694318666812343110e+02
1.747040000000000077e+02	5.505799999999999983e+01	1.706399999999999864e+02	1.697079999999999984e+02	1.698419496216400262e+02
1.744389999999999930e+02	5.505100000000000193e+01	1.709099999999999966e+02	1.699360000000000070e+02	1.701498731131135287e+02
1.753859999999999957e+02	6.163700000000000045e+01	1.758299999999999841e+02	1.752040000000000077e+02	1.765065678431104459e+02
1.750169999999999959e+02	6.164200000000000301e+01	1.763599999999999852e+02	1.755289999999999964e+02	1.769350985884031786e+02
1.746589999999999918e+02	6.163700000000000045e+01	1.765699999999999932e+02	1.758369999999999891e+02	1.773386068356458622e+02
1.742729999999999961e+02	6.164099999999999824e+01	1.770200000000000102e+02	1.761790000000000020e+02	1.777828332475007755e+02
1.754850000000000136e+02	6.836299999999999955e+01	1.819499999999999886e+02	1.811099999999999852e+02	1.838569247167195897e+02
1.752040000000000077e+02	6.835999999999999943e+01	1.822400000000000091e+02	1.813500000000000227e+02	1.841611776322478136e+02
1.748040000000000020e+02	6.837500000000000000e+01	1.823500000000000227e+02	1.817079999999999984e+02	1.846140392058931639e+02
1.745060000000000002e+02	6.837900000000000489e+01	1.826399999999999864e+02	1.819699999999999989e+02	1.849425855642911927e+02
9.676000000000000512e+01	1.013249999999999984e-01	1.025500000000000078e+01	2.038170000000000073e+02	1.990137266322165885e+02
1.885999999999999943e+02	4.549999999999999822e+00	9.109999999999999432e+01	7.685370000000000346e+01	8.357185351287040476e+01
1.885999999999999943e+02	4.559999999999999609e+00	9.370000000000000284e+01	7.690389999999999304e+01	8.358653931593991615e+01
1.885999999999999943e+02	4.570000000000000284e+00	9.898000000000000398e+01	7.695539999999999736e+01	8.360122469651167876e+01
1.885999999999999943e+02	5.990000000000000213e+00	9.411999999999999034e+01	8.429059999999999775e+01	8.568225894226185346e+01
1.884000000000000057e+02	5.990000000000000213e+00	9.324000000000000909e+01	8.455469999999999686e+01	8.602406758740650616e+01
1.884000000000000057e+02	5.990000000000000213e+00	9.457999999999999829e+01	8.455469999999999686e+01	8.602406758740650616e+01
1.884000000000000057e+02	5.990000000000000213e+00	9.395000000000000284e+01	8.455469999999999686e+01	8.451125671530596151e+01
1.884000000000000057e+02	7.940000000000000391e+00	9.479000000000000625e+01	9.158589999999999520e+01	8.739991370683583227e+01
1.884000000000000057e+02	7.940000000000000391e+00	9.461999999999999034e+01	9.158589999999999520e+01	8.739991370683583227e+01
1.881999999999999886e+02	1.009999999999999964e+01	9.743000000000000682e+01	9.780209999999999582e+01	9.091946782266882110e+01
1.881999999999999886e+02	1.009999999999999964e+01	9.712999999999999545e+01	9.780209999999999582e+01	9.091946782266882110e+01
1.881999999999999886e+02	1.009999999999999964e+01	9.814000000000000057e+01	9.780209999999999582e+01	9.091946782266882110e+01
1.879000000000000057e+02	1.108000000000000007e+01	1.002999999999999972e+02	1.004879999999999995e+02	9.286083280636327686e+01
1.879000000000000057e+02	1.108000000000000007e+01	9.906000000000000227e+01	1.004879999999999995e+02	9.286083280636327686e+01
1.885999999999999943e+02	1.491999999999999993e+01	1.060000000000000000e+02	1.077920000000000016e+02	9.726044340355576878e+01
1.885999999999999943e+02	1.491999999999999993e+01	1.040000000000000000e+02	1.077920000000000016e+02	9.726044340355576878e+01
1.885999999999999943e+02	1.953000000000000114e+01	1.136000000000000085e+02	1.158100000000000023e+02	1.038751665224845908e+02
1.885999999999999943e+02	1.953000000000000114e+01	1.117999999999999972e+02	1.158100000000000023e+02	1.038751665224845908e+02
1.889000000000000057e+02	1.962000000000000099e+01	1.126000000000000085e+02	1.156790000000000020e+02	1.035140501782944398e+02
1.889000000000000057e+02	1.962000000000000099e+01	1.112999999999999972e+02	1.156790000000000020e+02	1.035140501782944398e+02
1.879000000000000057e+02	2.069999999999999929e+01	1.155000000000000000e+02	1.182990000000000066e+02	1.066703241295602425e+02
1.879000000000000057e+02	2.089000000000000057e+01	1.145000000000000000e+02	1.185919999999999987e+02	1.069386991521815276e+02
1.879000000000000057e+02	2.089000000000000057e+01	1.137999999999999972e+02	1.185919999999999987e+02	1.069386991521815276e+02
1.884000000000000057e+02	2.962999999999999901e+01	1.275000000000000000e+02	1.303479999999999848e+02	1.183286054194935843e+02
1.884000000000000057e+02	2.973000000000000043e+01	1.267000000000000028e+02	1.304759999999999991e+02	1.184660913554807280e+02
1.884000000000000057e+02	2.973000000000000043e+01	1.275000000000000000e+02	1.304759999999999991e+02	1.184660913554807280e+02
1.881999999999999886e+02	3.932999999999999829e+01	1.381999999999999886e+02	1.420699999999999932e+02	1.317400800809683687e+02
1.881999999999999886e+02	3.953999999999999915e+01	1.380000000000000000e+02	1.423040000000000020e+02	1.320188580459427783e+02
1.879000000000000057e+02	4.718999999999999773e+01	1.474000000000000057e+02	1.507280000000000086e+02	1.424541836330160436e+02
1.879000000000000057e+02	4.718999999999999773e+01	1.455000000000000000e+02	1.507280000000000086e+02	1.424541836330160436e+02
1.879000000000000057e+02	4.914000000000000057e+01	1.491000000000000227e+02	1.527159999999999798e+02	1.449583173714328268e+02
1.829000000000000057e+02	3.689999999999999947e+00	8.747000000000001307e+01	8.171779999999999688e+01	9.059354850558068506e+01
1.829000000000000057e+02	3.689999999999999947e+00	8.856000000000000227e+01	8.171779999999999688e+01	9.059354850558068506e+01
1.829000000000000057e+02	7.459999999999999964e+00	9.665999999999999659e+01	9.707219999999999516e+01	9.603622490100494247e+01
1.831999999999999886e+02	7.459999999999999964e+00	9.862000000000000455e+01	9.667960000000000775e+01	9.553384991655352110e+01
1.835000000000000000e+02	1.000999999999999979e+01	1.050999999999999943e+02	1.029240000000000066e+02	9.868652206088668777e+01
1.835000000000000000e+02	1.000999999999999979e+01	1.022999999999999972e+02	1.029240000000000066e+02	9.868652206088668777e+01
1.835000000000000000e+02	1.491999999999999993e+01	1.125000000000000000e+02	1.129420000000000073e+02	1.056400518047110211e+02
1.835000000000000000e+02	1.491999999999999993e+01	1.117999999999999972e+02	1.129420000000000073e+02	1.056400518047110211e+02
1.836999999999999886e+02	1.971999999999999886e+01	1.189000000000000057e+02	1.207519999999999953e+02	1.120122807583863676e+02
1.836999999999999886e+02	1.971999999999999886e+01	1.200999999999999943e+02	1.207519999999999953e+02	1.120122807583863676e+02
1.835000000000000000e+02	2.953000000000000114e+01	1.317000000000000171e+02	1.345379999999999825e+02	1.256621226195026964e+02
1.835000000000000000e+02	2.953000000000000114e+01	1.333000000000000114e+02	1.345379999999999825e+02	1.256621226195026964e+02
1.835000000000000000e+02	3.972999999999999687e+01	1.426999999999999886e+02	1.464930000000000234e+02	1.390473079738262641e+02
1.831999999999999886e+02	4.914000000000000057e+01	1.526999999999999886e+02	1.566119999999999948e+02	1.513659401972993521e+02
1.831999999999999886e+02	4.914000000000000057e+01	1.515000000000000000e+02	1.566119999999999948e+02	1.513659401972993521e+02
1.764000000000000057e+02	3.830000000000000071e+00	1.004000000000000057e+02	9.480760000000000787e+01	1.016618468110477238e+02
1.764000000000000057e+02	3.830000000000000071e+00	9.940000000000000568e+01	9.480760000000000787e+01	1.016618468110477238e+02
1.766999999999999886e+02	5.009999999999999787e+00	1.025999999999999943e+02	9.841089999999999804e+01	1.041916139219231354e+02
1.766999999999999886e+02	5.009999999999999787e+00	1.020000000000000000e+02	9.841089999999999804e+01	1.041916139219231354e+02
1.770000000000000000e+02	6.240000000000000213e+00	1.053999999999999915e+02	1.016230000000000047e+02	1.054080774770107496e+02
1.775000000000000000e+02	7.950000000000000178e+00	1.088999999999999915e+02	1.053790000000000049e+02	1.069657732080611368e+02
1.766999999999999886e+02	7.950000000000000178e+00	1.080000000000000000e+02	1.064090000000000060e+02	1.082273117704287699e+02
1.770000000000000000e+02	1.006000000000000050e+01	1.126000000000000085e+02	1.107349999999999994e+02	1.106334781442560882e+02
1.775000000000000000e+02	1.167999999999999972e+01	1.164000000000000057e+02	1.134119999999999919e+02	1.120562238855413284e+02
1.775000000000000000e+02	1.167999999999999972e+01	1.152999999999999972e+02	1.134119999999999919e+02	1.120562238855413284e+02
1.765000000000000000e+02	1.971999999999999886e+01	1.272999999999999972e+02	1.279170000000000016e+02	1.243085747358757089e+02
1.765000000000000000e+02	1.971999999999999886e+01	1.290000000000000000e+02	1.279170000000000016e+02	1.243085747358757089e+02
1.765000000000000000e+02	2.953000000000000114e+01	1.405999999999999943e+02	1.410039999999999907e+02	1.369961076906259905e+02
1.766999999999999886e+02	3.918999999999999773e+01	1.501000000000000227e+02	1.519199999999999875e+02	1.488216194008232378e+02
1.766999999999999886e+02	3.918999999999999773e+01	1.491000000000000227e+02	1.519199999999999875e+02	1.488216194008232378e+02
1.770000000000000000e+02	4.879999999999999716e+01	1.580000000000000000e+02	1.616189999999999998e+02	1.600925921821474844e+02
1.770000000000000000e+02	4.879999999999999716e+01	1.590000000000000000e+02	1.616189999999999998e+02	1.600925921821474844e+02
1.650000000000000000e+02	3.589999999999999858e+00	1.247000000000000028e+02	1.121439999999999912e+02	1.204063034097723204e+02
1.655000000000000000e+02	3.589999999999999858e+00	1.250000000000000000e+02	1.113920000000000101e+02	1.196554289362412504e+02
1.641999999999999886e+02	5.200000000000000178e+00	1.260999999999999943e+02	1.170100000000000051e+02	1.236677972415695592e+02
1.650000000000000000e+02	5.400000000000000355e+00	1.267999999999999972e+02	1.163259999999999934e+02	1.227384242971903916e+02
1.653000000000000114e+02	7.950000000000000178e+00	1.313000000000000114e+02	1.211109999999999900e+02	1.255603013493125815e+02
1.646999999999999886e+02	9.710000000000000853e+00	1.342000000000000171e+02	1.250989999999999895e+02	1.286700384884617563e+02
1.660000000000000000e+02	1.481000000000000050e+01	1.416999999999999886e+02	1.318900000000000148e+02	1.332214641654277330e+02
1.646999999999999886e+02	2.035999999999999943e+01	1.474000000000000057e+02	1.412340000000000089e+02	1.418857235816508364e+02
1.646999999999999886e+02	2.035999999999999943e+01	1.485000000000000000e+02	1.412340000000000089e+02	1.418857235816508364e+02
1.661999999999999886e+02	2.932999999999999829e+01	1.572000000000000171e+02	1.508569999999999993e+02	1.506901136408431228e+02
1.646999999999999886e+02	2.953000000000000114e+01	1.572000000000000171e+02	1.526140000000000043e+02	1.528753475324815554e+02
1.641999999999999886e+02	3.914000000000000057e+01	1.673000000000000114e+02	1.636769999999999925e+02	1.646117881225800659e+02
1.641999999999999886e+02	4.914000000000000057e+01	1.753000000000000114e+02	1.736989999999999839e+02	1.757337294493639206e+02
1.641999999999999886e+02	4.914000000000000057e+01	1.756999999999999886e+02	1.736989999999999839e+02	1.757337294493639206e+02
1.526999999999999886e+02	1.600000000000000089e+00	1.446999999999999886e+02	1.262139999999999986e+02	1.357626194906559363e+02
1.526999999999999886e+02	3.069999999999999840e+00	1.481999999999999886e+02	1.290840000000000032e+02	1.375269686565877407e+02
1.521999999999999886e+02	7.360000000000000320e+00	1.535000000000000000e+02	1.371979999999999791e+02	1.432997008278201463e+02
1.521999999999999886e+02	7.360000000000000320e+00	1.567000000000000171e+02	1.371979999999999791e+02	1.432997008278201463e+02
1.526999999999999886e+02	9.910000000000000142e+00	1.569000000000000057e+02	1.405060000000000002e+02	1.456147761546240531e+02
1.518000000000000114e+02	1.059999999999999964e+01	1.585999999999999943e+02	1.426699999999999875e+02	1.476127464130273097e+02
1.529000000000000057e+02	1.481000000000000050e+01	1.640999999999999943e+02	1.472369999999999948e+02	1.510258793691644144e+02
1.531999999999999886e+02	1.481000000000000050e+01	1.640000000000000000e+02	1.468770000000000095e+02	1.506359237189559792e+02
1.526999999999999886e+02	1.971999999999999886e+01	1.710999999999999943e+02	1.538309999999999889e+02	1.568643410763688166e+02
1.529000000000000057e+02	2.912999999999999901e+01	1.806000000000000227e+02	1.645969999999999800e+02	1.670307902036718701e+02
1.526999999999999886e+02	2.932999999999999829e+01	1.781999999999999886e+02	1.650339999999999918e+02	1.674845901500993932e+02
1.529000000000000057e+02	3.914000000000000057e+01	1.850000000000000000e+02	1.751179999999999950e+02	1.776966320370645462e+02
1.529000000000000057e+02	3.914000000000000057e+01	1.879000000000000057e+02	1.751179999999999950e+02	1.776966320370645462e+02
1.526999999999999886e+02	3.924000000000000199e+01	1.847999999999999829e+02	1.754269999999999925e+02	1.778441852169783601e+02
1.526999999999999886e+02	4.914000000000000057e+01	1.943000000000000114e+02	1.850030000000000143e+02	1.880153404613558337e+02
1.410000000000000000e+02	1.469999999999999973e+00	1.680999999999999943e+02	1.432880000000000109e+02	1.512513066047771133e+02
1.410000000000000000e+02	3.359999999999999876e+00	1.700999999999999943e+02	1.462580000000000098e+02	1.533049126388298760e+02
1.410000000000000000e+02	3.359999999999999876e+00	1.705000000000000000e+02	1.462580000000000098e+02	1.533049126388298760e+02
1.410000000000000000e+02	5.099999999999999645e+00	1.729000000000000057e+02	1.488629999999999995e+02	1.551841901466417539e+02
1.408000000000000114e+02	5.990000000000000213e+00	1.735000000000000000e+02	1.504250000000000114e+02	1.563874363795793556e+02
1.399000000000000057e+02	7.940000000000000391e+00	1.774000000000000057e+02	1.543559999999999945e+02	1.595611634737477402e+02
1.393000000000000114e+02	7.940000000000000391e+00	1.740000000000000000e+02	1.551550000000000011e+02	1.602836343228540272e+02
1.395000000000000000e+02	9.320000000000000284e+00	1.774000000000000057e+02	1.567340000000000089e+02	1.614957451604855692e+02
1.395000000000000000e+02	1.207000000000000028e+01	1.807999999999999829e+02	1.602789999999999964e+02	1.643699646879504144e+02
1.395000000000000000e+02	1.481000000000000050e+01	1.831999999999999886e+02	1.636599999999999966e+02	1.672067159385090918e+02
1.403000000000000114e+02	1.962000000000000099e+01	1.884000000000000057e+02	1.683310000000000173e+02	1.712284478175876075e+02
1.400000000000000000e+02	1.971999999999999886e+01	1.870999999999999943e+02	1.688060000000000116e+02	1.716656431257623581e+02
1.400000000000000000e+02	2.971999999999999886e+01	1.967000000000000171e+02	1.796080000000000041e+02	1.816524096338750383e+02
1.400000000000000000e+02	3.972999999999999687e+01	2.011999999999999886e+02	1.895000000000000000e+02	1.912894231308242752e+02
1.400000000000000000e+02	4.914000000000000057e+01	2.104000000000000057e+02	1.981940000000000168e+02	2.000205877418030695e+02
1.177999999999999972e+02	4.600000000000000200e-01	1.968000000000000114e+02	1.754310000000000116e+02	1.772864402153075787e+02
1.190000000000000000e+02	6.969999999999999751e+00	2.010000000000000000e+02	1.812839999999999918e+02	1.819330976683501433e+02
1.197000000000000028e+02	1.148000000000000043e+01	2.003000000000000114e+02	1.852760000000000105e+02	1.852573678602835514e+02
1.197000000000000028e+02	1.148000000000000043e+01	2.054000000000000057e+02	1.852760000000000105e+02	1.852573678602835514e+02
1.195000000000000000e+02	1.491999999999999993e+01	2.068000000000000114e+02	1.891419999999999959e+02	1.884864427550404287e+02
1.180000000000000000e+02	1.971999999999999886e+01	2.117999999999999829e+02	1.958439999999999941e+02	1.940286853239126117e+02
1.175999999999999943e+02	2.953000000000000114e+01	2.172000000000000171e+02	2.055750000000000171e+02	2.024881355434705199e+02
1.175999999999999943e+02	3.924000000000000199e+01	2.233999999999999773e+02	2.141690000000000111e+02	2.101586910301923297e+02
1.199000000000000057e+02	3.942999999999999972e+01	2.233999999999999773e+02	2.117360000000000184e+02	2.085333437844178661e+02
1.199000000000000057e+02	4.875000000000000000e+01	2.290999999999999943e+02	2.196639999999999873e+02	2.157374211912992905e+02
1.199000000000000057e+02	4.895000000000000284e+01	2.265000000000000000e+02	2.198299999999999841e+02	2.158885955354839155e+02
1.089000000000000057e+02	2.950000000000000178e+00	2.088000000000000114e+02	1.906119999999999948e+02	1.884928885399482397e+02
1.089000000000000057e+02	2.950000000000000178e+00	2.097999999999999829e+02	1.906119999999999948e+02	1.884928885399482397e+02
1.094000000000000057e+02	4.700000000000000178e+00	2.090000000000000000e+02	1.917680000000000007e+02	1.894725713604377404e+02
1.094000000000000057e+02	4.700000000000000178e+00	2.111999999999999886e+02	1.917680000000000007e+02	1.894725713604377404e+02
1.092000000000000028e+02	9.810000000000000497e+00	2.135000000000000000e+02	1.972090000000000032e+02	1.938647562275418181e+02
1.099000000000000057e+02	1.481000000000000050e+01	2.152999999999999829e+02	2.011810000000000116e+02	1.972700077304689330e+02
1.099000000000000057e+02	1.481000000000000050e+01	2.167999999999999829e+02	2.011810000000000116e+02	1.972700077304689330e+02
1.092000000000000028e+02	1.971999999999999886e+01	2.202999999999999829e+02	2.066379999999999768e+02	2.017451035052162069e+02
1.092000000000000028e+02	1.971999999999999886e+01	2.200000000000000000e+02	2.066379999999999768e+02	2.017451035052162069e+02
1.094000000000000057e+02	2.953000000000000114e+01	2.255999999999999943e+02	2.151359999999999957e+02	2.090461537764504669e+02
1.094000000000000057e+02	3.893999999999999773e+01	2.300000000000000000e+02	2.230800000000000125e+02	2.158854225688049553e+02
1.094000000000000057e+02	3.914000000000000057e+01	2.300000000000000000e+02	2.232450000000000045e+02	2.160273323663097358e+02
1.094000000000000057e+02	4.972999999999999687e+01	2.378000000000000114e+02	2.317710000000000150e+02	2.233362337731270202e+02
1.094000000000000057e+02	4.992999999999999972e+01	2.350000000000000000e+02	2.319279999999999973e+02	2.239129805506205457e+02
9.893000000000000682e+01	3.044000000000000128e+01	2.676100000000000136e+02	2.275459999999999923e+02	2.179699183492217571e+02
9.898999999999999488e+01	2.030999999999999872e+01	2.254800000000000182e+02	2.191550000000000011e+02	2.112453193515898136e+02
9.901000000000000512e+01	1.013000000000000078e+01	2.165199999999999818e+02	2.102740000000000009e+02	2.041606598044185148e+02
9.901999999999999602e+01	5.120000000000000107e+00	2.117100000000000080e+02	2.056779999999999973e+02	2.005436783511502483e+02
9.901999999999999602e+01	2.560000000000000053e+00	2.091600000000000250e+02	2.032680000000000007e+02	1.986668028998073225e+02
9.903000000000000114e+01	1.600000000000000033e-01	2.069000000000000057e+02	2.009489999999999839e+02	1.968780943827492820e+02
1.254699999999999989e+02	5.067000000000000171e+01	2.189899999999999807e+02	2.151999999999999886e+02	2.134545061359258966e+02
1.254899999999999949e+02	4.067999999999999972e+01	2.101200000000000045e+02	2.065310000000000059e+02	2.055401003171609773e+02
1.255499999999999972e+02	3.041000000000000014e+01	2.003300000000000125e+02	1.970459999999999923e+02	1.970120871173962769e+02
1.255300000000000011e+02	2.041000000000000014e+01	1.899099999999999966e+02	1.872270000000000039e+02	1.884326095595046695e+02
1.255400000000000063e+02	1.015000000000000036e+01	1.782400000000000091e+02	1.761430000000000007e+02	1.792483293809158909e+02
1.256099999999999994e+02	5.080000000000000071e+00	1.713799999999999955e+02	1.700649999999999977e+02	1.745060699196284588e+02
1.256200000000000045e+02	2.430000000000000160e+00	1.680300000000000011e+02	1.667419999999999902e+02	1.720202742496392148e+02
1.502299999999999898e+02	5.074000000000000199e+01	1.923799999999999955e+02	1.889929999999999950e+02	1.920879284630081827e+02
1.502500000000000000e+02	4.053999999999999915e+01	1.828400000000000034e+02	1.792820000000000107e+02	1.820986474473261865e+02
1.502800000000000011e+02	3.044000000000000128e+01	1.716699999999999875e+02	1.688780000000000143e+02	1.718450223975620474e+02
1.502800000000000011e+02	2.048000000000000043e+01	1.595399999999999920e+02	1.575550000000000068e+02	1.614258746971221967e+02
1.502800000000000011e+02	1.013000000000000078e+01	1.455999999999999943e+02	1.439110000000000014e+02	1.502422479555750670e+02
1.502899999999999920e+02	5.040000000000000036e+00	1.374000000000000057e+02	1.359750000000000227e+02	1.445957773335745742e+02
1.503000000000000114e+02	2.620000000000000107e+00	1.328799999999999955e+02	1.317240000000000180e+02	1.418730849824368079e+02
1.751299999999999955e+02	5.067000000000000171e+01	1.665200000000000102e+02	1.651160000000000139e+02	1.648706519062348548e+02
1.751399999999999864e+02	4.057999999999999829e+01	1.561899999999999977e+02	1.548329999999999984e+02	1.531033868183908453e+02
1.751699999999999875e+02	3.041000000000000014e+01	1.444300000000000068e+02	1.433329999999999984e+02	1.408648335646092278e+02
1.751500000000000057e+02	2.041000000000000014e+01	1.309200000000000159e+02	1.302969999999999970e+02	1.285551513165809183e+02
1.751599999999999966e+02	1.013000000000000078e+01	1.140599999999999881e+02	1.130879999999999939e+02	1.155042653422832473e+02
1.751500000000000057e+02	5.129999999999999893e+00	1.027600000000000051e+02	1.011090000000000089e+02	1.090494144011097717e+02
1.108679999999999950e+02	2.039999999999999869e-01	1.845999999999999943e+02	1.849369999999999834e+02	1.856859537634114758e+02
1.110019999999999953e+02	1.100000000000000089e+00	1.855900000000000034e+02	1.857389999999999759e+02	1.862991310603723321e+02
1.109710000000000036e+02	2.236000000000000210e+00	1.870000000000000000e+02	1.870219999999999914e+02	1.872735490863636301e+02
1.112019999999999982e+02	3.270000000000000018e+00	1.880600000000000023e+02	1.878220000000000027e+02	1.879020331653818232e+02
1.110240000000000009e+02	4.269000000000000128e+00	1.890300000000000011e+02	1.891299999999999955e+02	1.888996593519136695e+02
1.108970000000000056e+02	5.269000000000000128e+00	1.900999999999999943e+02	1.903559999999999945e+02	1.898426054078854577e+02
1.110379999999999967e+02	6.336999999999999744e+00	1.910399999999999920e+02	1.912820000000000107e+02	1.905792290493004941e+02
1.107180000000000035e+02	7.403999999999999915e+00	1.925500000000000114e+02	1.928070000000000164e+02	1.917504040148535864e+02
1.109519999999999982e+02	8.644999999999999574e+00	1.940900000000000034e+02	1.937669999999999959e+02	1.925325695581376522e+02
1.248059999999999974e+02	7.209999999999999742e-01	1.644099999999999966e+02	1.657039999999999793e+02	1.713295680017274663e+02
1.249849999999999994e+02	1.754999999999999893e+00	1.661999999999999886e+02	1.667820000000000107e+02	1.720977470925770945e+02
1.250589999999999975e+02	2.718999999999999861e+00	1.673900000000000148e+02	1.679019999999999868e+02	1.729161608434851303e+02
1.250340000000000060e+02	3.822000000000000064e+00	1.689699999999999989e+02	1.693149999999999977e+02	1.739709627740740245e+02
1.248670000000000044e+02	4.924000000000000377e+00	1.704099999999999966e+02	1.708990000000000009e+02	1.751755739876977032e+02
1.251959999999999980e+02	5.956999999999999851e+00	1.721299999999999955e+02	1.716959999999999980e+02	1.779092582327829177e+02
1.247279999999999944e+02	7.059999999999999609e+00	1.734399999999999977e+02	1.736459999999999866e+02	1.794000413611309455e+02
1.247840000000000060e+02	8.368999999999999773e+00	1.750999999999999943e+02	1.750999999999999943e+02	1.804986379060295008e+02
1.554799999999999898e+02	1.514000000000000012e+00	1.221099999999999994e+02	1.218029999999999973e+02	1.356912168423705225e+02
1.552510000000000048e+02	2.306000000000000050e+00	1.228499999999999943e+02	1.238329999999999984e+02	1.369046385063755338e+02
1.549530000000000030e+02	2.891000000000000014e+00	1.254699999999999989e+02	1.254619999999999891e+02	1.379759703721856567e+02
1.551920000000000073e+02	3.374000000000000110e+00	1.259399999999999977e+02	1.260689999999999884e+02	1.381874229335978441e+02
1.549689999999999941e+02	4.131999999999999673e+00	1.275199999999999960e+02	1.278410000000000082e+02	1.393441760078268885e+02
1.550339999999999918e+02	4.924000000000000377e+00	1.290800000000000125e+02	1.292169999999999845e+02	1.401397104969464635e+02
1.552849999999999966e+02	5.647999999999999687e+00	1.301799999999999784e+02	1.301750000000000114e+02	1.406039536321606249e+02
1.547259999999999991e+02	6.301999999999999602e+00	1.310900000000000034e+02	1.320759999999999934e+02	1.420927917347134439e+02
1.549950000000000045e+02	7.128999999999999559e+00	1.326400000000000148e+02	1.331229999999999905e+02	1.426450173938106900e+02
1.545980000000000132e+02	7.886999999999999567e+00	1.340300000000000011e+02	1.348979999999999961e+02	1.440185361117785305e+02
1.551670000000000016e+02	8.576000000000000512e+00	1.355099999999999909e+02	1.352750000000000057e+02	1.440138778120659424e+02
1.803360000000000127e+02	3.753000000000000114e+00	8.969000000000001194e+01	8.736829999999999075e+01	1.010446532659267120e+02
1.805089999999999861e+02	4.131999999999999673e+00	9.114999999999999147e+01	8.887659999999999627e+01	1.012610933253691599e+02
1.801320000000000050e+02	4.580000000000000071e+00	9.303000000000000114e+01	9.144469999999999743e+01	1.024492585390844681e+02
1.801719999999999970e+02	5.027000000000000135e+00	9.396000000000000796e+01	9.309640000000000271e+01	1.029663850281018540e+02
1.802549999999999955e+02	5.578000000000000291e+00	9.511999999999999034e+01	9.490859999999999275e+01	1.035495248469172509e+02
1.801390000000000100e+02	6.094999999999999751e+00	9.701000000000000512e+01	9.675469999999999970e+01	1.044045794639131373e+02
1.800579999999999927e+02	6.783999999999999808e+00	9.901000000000000512e+01	9.892929999999999779e+01	1.054246266978759081e+02
1.799890000000000043e+02	7.334999999999999964e+00	1.004899999999999949e+02	1.005579999999999927e+02	1.062452419405435649e+02
1.799050000000000011e+02	8.230999999999999872e+00	1.026100000000000136e+02	1.029950000000000045e+02	1.075318654887902028e+02
1.399199999999999875e+02	5.999799999999999756e+01	2.048799999999999955e+02	2.077549999999999955e+02	2.100208817232278875e+02
1.400699999999999932e+02	5.999799999999999756e+01	2.046999999999999886e+02	2.075999999999999943e+02	2.098961881071687401e+02
1.399499999999999886e+02	5.000099999999999767e+01	1.964500000000000171e+02	1.990190000000000055e+02	2.016481397037335626e+02
1.399699999999999989e+02	5.000099999999999767e+01	1.958300000000000125e+02	1.989980000000000189e+02	2.016300593193085433e+02
1.400000000000000000e+02	4.000399999999999778e+01	1.872999999999999829e+02	1.897610000000000241e+02	1.929106589692157172e+02
1.400099999999999909e+02	4.000399999999999778e+01	1.873700000000000045e+02	1.897500000000000000e+02	1.929008842369334502e+02
1.400900000000000034e+02	3.000600000000000023e+01	1.768700000000000045e+02	1.797989999999999782e+02	1.837820842890692745e+02
1.400000000000000000e+02	3.000600000000000023e+01	1.775999999999999943e+02	1.799010000000000105e+02	1.838766643165487267e+02
1.200799999999999983e+02	1.000399999999999956e+01	1.795600000000000023e+02	1.831859999999999786e+02	1.868176140357750796e+02
1.200100000000000051e+02	1.000399999999999956e+01	1.796500000000000057e+02	1.832779999999999916e+02	1.868887095112508518e+02
1.200799999999999983e+02	1.000399999999999956e+01	1.797400000000000091e+02	1.831859999999999786e+02	1.868176140357750796e+02
1.199000000000000057e+02	2.000199999999999889e+01	1.901599999999999966e+02	1.937709999999999866e+02	1.952479098302695490e+02
1.198900000000000006e+02	2.000199999999999889e+01	1.908000000000000114e+02	1.937830000000000155e+02	1.952573221906670824e+02
1.200400000000000063e+02	2.999899999999999878e+01	1.999600000000000080e+02	2.031350000000000193e+02	2.030321936007034651e+02
1.199099999999999966e+02	2.999899999999999878e+01	2.003199999999999932e+02	2.032879999999999825e+02	2.031451526441966848e+02
1.199399999999999977e+02	4.000399999999999778e+01	2.088700000000000045e+02	2.121899999999999977e+02	2.106930649620793758e+02
1.198599999999999994e+02	4.000399999999999778e+01	2.093299999999999841e+02	2.122810000000000059e+02	2.107566754559660467e+02
1.210100000000000051e+02	5.000099999999999767e+01	2.129900000000000091e+02	2.194939999999999998e+02	2.171418263183076363e+02
1.399000000000000057e+02	2.000199999999999889e+01	1.668600000000000136e+02	1.692470000000000141e+02	1.737186575331747065e+02
1.399300000000000068e+02	2.000199999999999889e+01	1.663199999999999932e+02	1.692110000000000127e+02	1.736853783362707873e+02
1.398899999999999864e+02	1.000399999999999956e+01	1.540499999999999829e+02	1.571230000000000189e+02	1.638197333342929483e+02
1.398899999999999864e+02	1.000399999999999956e+01	1.542000000000000171e+02	1.571230000000000189e+02	1.638197333342929483e+02
1.398899999999999864e+02	1.000399999999999956e+01	1.538499999999999943e+02	1.571230000000000189e+02	1.638197333342929483e+02
1.399199999999999875e+02	4.998999999999999666e+00	1.470900000000000034e+02	1.502040000000000077e+02	1.586954166491173055e+02
1.399000000000000057e+02	4.998999999999999666e+00	1.471899999999999977e+02	1.502319999999999993e+02	1.587198366028850671e+02
1.399499999999999886e+02	2.495999999999999996e+00	1.432400000000000091e+02	1.464240000000000066e+02	1.560815921011473790e+02
1.399499999999999886e+02	2.495999999999999996e+00	1.433899999999999864e+02	1.464240000000000066e+02	1.560815921011473790e+02
1.599300000000000068e+02	2.495999999999999996e+00	1.153299999999999983e+02	1.172009999999999934e+02	1.295113881895236716e+02
1.599399999999999977e+02	2.495999999999999996e+00	1.150799999999999983e+02	1.171859999999999928e+02	1.294971909262994245e+02
1.599000000000000057e+02	2.000199999999999889e+01	1.437700000000000102e+02	1.460349999999999966e+02	1.497365991480451157e+02
1.598899999999999864e+02	2.000199999999999889e+01	1.437400000000000091e+02	1.460460000000000207e+02	1.497494890401063969e+02
1.599600000000000080e+02	2.999899999999999878e+01	1.561700000000000159e+02	1.580439999999999827e+02	1.607251823335639642e+02
1.599799999999999898e+02	2.999899999999999878e+01	1.558199999999999932e+02	1.580229999999999961e+02	1.607008781295295705e+02
1.599799999999999898e+02	1.000399999999999956e+01	1.293100000000000023e+02	1.314800000000000182e+02	1.382275119511281787e+02
1.599799999999999898e+02	1.000399999999999956e+01	1.291599999999999966e+02	1.314800000000000182e+02	1.382275119511281787e+02
1.599799999999999898e+02	4.998999999999999666e+00	1.202899999999999920e+02	1.224869999999999948e+02	1.323909660063224578e+02
1.600099999999999909e+02	4.998999999999999666e+00	1.199400000000000119e+02	1.224449999999999932e+02	1.323489172680359047e+02
1.600399999999999920e+02	2.495999999999999996e+00	1.151800000000000068e+02	1.170330000000000013e+02	1.293551688318389097e+02
1.600000000000000000e+02	2.495999999999999996e+00	1.149300000000000068e+02	1.170940000000000083e+02	1.294119884613706404e+02
1.600000000000000000e+02	4.000399999999999778e+01	1.667400000000000091e+02	1.687359999999999900e+02	1.714165951400280505e+02
1.600000000000000000e+02	4.000399999999999778e+01	1.666400000000000148e+02	1.687359999999999900e+02	1.714165951400280505e+02
1.600000000000000000e+02	4.999399999999999977e+01	1.768100000000000023e+02	1.785610000000000070e+02	1.818033898213231510e+02
1.599499999999999886e+02	4.999399999999999977e+01	1.769799999999999898e+02	1.786089999999999804e+02	1.818567068583877813e+02
1.599799999999999898e+02	5.999799999999999756e+01	1.855300000000000011e+02	1.877729999999999961e+02	1.918869962597045458e+02
1.599699999999999989e+02	5.999799999999999756e+01	1.857999999999999829e+02	1.877820000000000107e+02	1.918969146108903203e+02
1.600500000000000114e+02	6.999599999999999511e+01	1.935999999999999943e+02	1.964029999999999916e+02	2.015414806240142980e+02
1.599399999999999977e+02	6.999599999999999511e+01	1.941700000000000159e+02	1.965060000000000002e+02	2.016424115689438850e+02
1.799600000000000080e+02	6.999599999999999511e+01	1.769799999999999898e+02	1.787379999999999995e+02	1.814806578191211770e+02
1.800000000000000000e+02	6.999599999999999511e+01	1.770600000000000023e+02	1.787040000000000077e+02	1.814367665529845794e+02
1.799099999999999966e+02	5.999799999999999756e+01	1.682800000000000011e+02	1.698209999999999980e+02	1.703327694600482118e+02
1.799600000000000080e+02	5.000099999999999767e+01	1.583700000000000045e+02	1.602319999999999993e+02	1.587315038105345195e+02
1.799199999999999875e+02	4.000399999999999778e+01	1.481699999999999875e+02	1.499189999999999827e+02	1.469042691519896380e+02
1.799499999999999886e+02	2.999899999999999878e+01	1.365300000000000011e+02	1.383559999999999945e+02	1.346381012507620198e+02
1.800000000000000000e+02	2.000199999999999889e+01	1.229100000000000108e+02	1.248120000000000118e+02	1.220103560208049771e+02
1.799799999999999898e+02	2.000199999999999889e+01	1.227899999999999920e+02	1.248319999999999936e+02	1.220397501419803064e+02
1.799799999999999898e+02	9.996999999999999886e+00	1.060000000000000000e+02	1.070420000000000016e+02	1.091354491065090144e+02
1.799799999999999898e+02	9.996999999999999886e+00	1.058299999999999983e+02	1.070420000000000016e+02	1.091354491065090144e+02
1.799799999999999898e+02	4.998999999999999666e+00	9.392000000000000171e+01	9.329610000000000980e+01	1.025625466995926161e+02
1.799900000000000091e+02	4.998999999999999666e+00	9.415999999999999659e+01	9.328029999999999688e+01	1.025467327277531524e+02
