# Temp(K)	Pressure(MPa)	Experimental(mW/m*K)	NIST(mW/m*K)	Model(mW/m*K)
1.114300000000000068e+02	5.530000000000000471e-01	1.847000000000000171e+02	1.845390000000000157e+02	1.784236602783203125e+02
1.113310000000000031e+02	1.163700000000000045e+01	1.971999999999999886e+02	1.962789999999999964e+02	1.978767242431640625e+02
1.114830000000000041e+02	2.269099999999999895e+01	2.076999999999999886e+02	2.066060000000000230e+02	2.068279113769531250e+02
1.113280000000000030e+02	3.411299999999999955e+01	2.175000000000000000e+02	2.168720000000000141e+02	2.219968109130859375e+02
1.112049999999999983e+02	4.492900000000000205e+01	2.262000000000000171e+02	2.260040000000000191e+02	2.281806182861328125e+02
1.110810000000000031e+02	5.673599999999999710e+01	2.353000000000000114e+02	2.354789999999999850e+02	2.379144439697265625e+02
1.109620000000000033e+02	6.864400000000000546e+01	2.436999999999999886e+02	2.446189999999999998e+02	2.477747802734375000e+02
1.348669999999999902e+02	7.640000000000000124e-01	1.519000000000000057e+02	1.511530000000000200e+02	1.553908081054687500e+02
1.349060000000000059e+02	1.170899999999999963e+01	1.670000000000000000e+02	1.657359999999999900e+02	1.680261077880859375e+02
1.347520000000000095e+02	2.296199999999999974e+01	1.800000000000000000e+02	1.786730000000000018e+02	1.822371063232421875e+02
1.348720000000000141e+02	3.417699999999999960e+01	1.913000000000000114e+02	1.898880000000000052e+02	1.944112701416015625e+02
1.347129999999999939e+02	4.557600000000000051e+01	2.019000000000000057e+02	2.006850000000000023e+02	2.039145202636718750e+02
1.348230000000000075e+02	5.674799999999999756e+01	2.114000000000000057e+02	2.103190000000000168e+02	2.141159667968750000e+02
1.346430000000000007e+02	6.792600000000000193e+01	2.202999999999999829e+02	2.197659999999999911e+02	2.216267852783203125e+02
1.549110000000000014e+02	1.596999999999999975e+00	1.227000000000000028e+02	1.228539999999999992e+02	1.208847427368164062e+02
1.547450000000000045e+02	6.753999999999999559e+00	1.327000000000000171e+02	1.328220000000000027e+02	1.389903869628906250e+02
1.549759999999999991e+02	1.457699999999999996e+01	1.445999999999999943e+02	1.444320000000000164e+02	1.441266326904296875e+02
1.550970000000000084e+02	2.531400000000000006e+01	1.584000000000000057e+02	1.578700000000000045e+02	1.537094726562500000e+02
1.552139999999999986e+02	3.599399999999999977e+01	1.701999999999999886e+02	1.694890000000000043e+02	1.699393463134765625e+02
1.550629999999999882e+02	4.663000000000000256e+01	1.812999999999999829e+02	1.802439999999999998e+02	1.763057098388671875e+02
1.548750000000000000e+02	5.692399999999999949e+01	1.910000000000000000e+02	1.899609999999999843e+02	1.865355987548828125e+02
1.547079999999999984e+02	6.703300000000000125e+01	1.998000000000000114e+02	1.989579999999999984e+02	1.935899353027343750e+02
1.746100000000000136e+02	4.613999999999999879e+00	1.005999999999999943e+02	1.003670000000000044e+02	1.138948669433593750e+02
1.747510000000000048e+02	1.270800000000000018e+01	1.180000000000000000e+02	1.184669999999999987e+02	1.262768630981445312e+02
1.749950000000000045e+02	1.972200000000000131e+01	1.292000000000000171e+02	1.294609999999999843e+02	1.346990509033203125e+02
1.751479999999999961e+02	2.645200000000000173e+01	1.383000000000000114e+02	1.384559999999999889e+02	1.396742706298828125e+02
1.750039999999999907e+02	3.379599999999999937e+01	1.476000000000000227e+02	1.474650000000000034e+02	1.526800994873046875e+02
1.752179999999999893e+02	4.128399999999999892e+01	1.559000000000000057e+02	1.555100000000000193e+02	1.530502624511718750e+02
1.750989999999999895e+02	4.814600000000000080e+01	1.630999999999999943e+02	1.626550000000000011e+02	1.616180267333984375e+02
1.749350000000000023e+02	5.505799999999999983e+01	1.703000000000000114e+02	1.695049999999999955e+02	1.646405944824218750e+02
1.748340000000000032e+02	6.163900000000000290e+01	1.764000000000000057e+02	1.756860000000000070e+02	1.723152770996093750e+02
1.750000000000000000e+02	6.837000000000000455e+01	1.822999999999999829e+02	1.815349999999999966e+02	1.786567077636718750e+02
1.118269999999999982e+02	5.610000000000000542e-01	1.842699999999999818e+02	1.839919999999999902e+02	1.838727416992187500e+02
1.116550000000000011e+02	5.560000000000000497e-01	1.847600000000000193e+02	1.842280000000000086e+02	1.806807708740234375e+02
1.112549999999999955e+02	5.510000000000000453e-01	1.847500000000000000e+02	1.847810000000000059e+02	1.689964599609375000e+02
1.109830000000000041e+02	5.460000000000000409e-01	1.851200000000000045e+02	1.851549999999999727e+02	1.700532531738281250e+02
1.117620000000000005e+02	1.164400000000000013e+01	1.968100000000000023e+02	1.957330000000000041e+02	1.986677856445312500e+02
1.113629999999999995e+02	1.164100000000000001e+01	1.967899999999999920e+02	1.962419999999999902e+02	1.986688385009765625e+02
1.112150000000000034e+02	1.163499999999999979e+01	1.975399999999999920e+02	1.964259999999999877e+02	1.986761779785156250e+02
1.109849999999999994e+02	1.163000000000000078e+01	1.975800000000000125e+02	1.967160000000000082e+02	1.986743164062500000e+02
1.117680000000000007e+02	2.269800000000000040e+01	2.070399999999999920e+02	2.062700000000000102e+02	2.080587005615234375e+02
1.116880000000000024e+02	2.269300000000000139e+01	2.076200000000000045e+02	2.063609999999999900e+02	2.069734039306640625e+02
1.113010000000000019e+02	2.268799999999999883e+01	2.077500000000000000e+02	2.068220000000000027e+02	2.063404388427734375e+02
1.111730000000000018e+02	2.268199999999999861e+01	2.084600000000000080e+02	2.069699999999999989e+02	2.041912841796875000e+02
1.116129999999999995e+02	3.411899999999999977e+01	2.168100000000000023e+02	2.165529999999999973e+02	2.228066253662109375e+02
1.114719999999999942e+02	3.411699999999999733e+01	2.177900000000000205e+02	2.167119999999999891e+02	2.225251007080078125e+02
1.112309999999999945e+02	3.411200000000000188e+01	2.176099999999999852e+02	2.169809999999999945e+02	2.228954010009765625e+02
1.109969999999999999e+02	3.410900000000000176e+01	2.179599999999999795e+02	2.172439999999999998e+02	2.222492980957031250e+02
1.115079999999999956e+02	4.493900000000000006e+01	2.256899999999999977e+02	2.256839999999999975e+02	2.277643432617187500e+02
1.113469999999999942e+02	4.493200000000000216e+01	2.260200000000000102e+02	2.258530000000000086e+02	2.271195678710937500e+02
1.111009999999999991e+02	4.492600000000000193e+01	2.262400000000000091e+02	2.261150000000000091e+02	2.270400238037109375e+02
1.108629999999999995e+02	4.492000000000000171e+01	2.266700000000000159e+02	2.263680000000000234e+02	2.271817932128906250e+02
1.114330000000000069e+02	5.674399999999999977e+01	2.349399999999999977e+02	2.351200000000000045e+02	2.369909820556640625e+02
1.111809999999999974e+02	5.674000000000000199e+01	2.351699999999999875e+02	2.353790000000000191e+02	2.372388458251953125e+02
1.109629999999999939e+02	5.673499999999999943e+01	2.354199999999999875e+02	2.356009999999999991e+02	2.388356018066406250e+02
1.107450000000000045e+02	5.672599999999999909e+01	2.355399999999999920e+02	2.358189999999999884e+02	2.423455810546875000e+02
1.112180000000000035e+02	6.863500000000000512e+01	2.432500000000000000e+02	2.443580000000000041e+02	2.472716369628906250e+02
1.111039999999999992e+02	6.863899999999999579e+01	2.436800000000000068e+02	2.444739999999999895e+02	2.471575469970703125e+02
1.108940000000000055e+02	6.864700000000000557e+01	2.438100000000000023e+02	2.446889999999999930e+02	2.493436279296875000e+02
1.106310000000000002e+02	6.865900000000000603e+01	2.440499999999999829e+02	2.449600000000000080e+02	2.609566040039062500e+02
1.353689999999999998e+02	7.780000000000000249e-01	1.513599999999999852e+02	1.504389999999999930e+02	1.538404693603515625e+02
1.350540000000000020e+02	7.720000000000000195e-01	1.518100000000000023e+02	1.508909999999999911e+02	1.546462097167968750e+02
1.346630000000000109e+02	7.610000000000000098e-01	1.520300000000000011e+02	1.514470000000000027e+02	1.570971374511718750e+02
1.343830000000000098e+02	7.449999999999999956e-01	1.524499999999999886e+02	1.518319999999999936e+02	1.620049591064453125e+02
1.353950000000000102e+02	1.171799999999999997e+01	1.664300000000000068e+02	1.651150000000000091e+02	1.647042083740234375e+02
1.350720000000000027e+02	1.171499999999999986e+01	1.668700000000000045e+02	1.655280000000000200e+02	1.687035064697265625e+02
1.347239999999999895e+02	1.170899999999999963e+01	1.670800000000000125e+02	1.659710000000000036e+02	1.718790283203125000e+02
1.344329999999999927e+02	1.169400000000000084e+01	1.675500000000000114e+02	1.663290000000000077e+02	1.725234832763671875e+02
1.352549999999999955e+02	2.296399999999999864e+01	1.795099999999999909e+02	1.780730000000000075e+02	1.792387390136718750e+02
1.348549999999999898e+02	2.296300000000000097e+01	1.800900000000000034e+02	1.785509999999999877e+02	1.835027160644531250e+02
1.345960000000000036e+02	2.296099999999999852e+01	1.799600000000000080e+02	1.788589999999999804e+02	1.845606384277343750e+02
1.343000000000000114e+02	2.295899999999999963e+01	1.803800000000000239e+02	1.792120000000000175e+02	1.883398284912109375e+02
1.353040000000000020e+02	3.418099999999999739e+01	1.908199999999999932e+02	1.894019999999999868e+02	1.897827606201171875e+02
1.349830000000000041e+02	3.417999999999999972e+01	1.910600000000000023e+02	1.897649999999999864e+02	1.951530151367187500e+02
1.347170000000000130e+02	3.417699999999999960e+01	1.915300000000000011e+02	1.900640000000000214e+02	1.968875732421875000e+02
1.344819999999999993e+02	3.417199999999999704e+01	1.917500000000000000e+02	1.903269999999999982e+02	1.989881896972656250e+02
1.350550000000000068e+02	4.558500000000000085e+01	2.014399999999999977e+02	2.003199999999999932e+02	1.993990325927734375e+02
1.348009999999999877e+02	4.557699999999999818e+01	2.016999999999999886e+02	2.005900000000000034e+02	2.038167724609375000e+02
1.346069999999999993e+02	4.557399999999999807e+01	2.022400000000000091e+02	2.007980000000000018e+02	2.044652252197265625e+02
1.343899999999999864e+02	4.556400000000000006e+01	2.022500000000000000e+02	2.010260000000000105e+02	2.058992767333984375e+02
1.352419999999999902e+02	5.676100000000000279e+01	2.108500000000000227e+02	2.098880000000000052e+02	2.093375244140625000e+02
1.349199999999999875e+02	5.675300000000000011e+01	2.111399999999999864e+02	2.102210000000000036e+02	2.100546722412109375e+02
1.347220000000000084e+02	5.674300000000000210e+01	2.118599999999999852e+02	2.104209999999999923e+02	2.124328613281250000e+02
1.344079999999999870e+02	5.673499999999999943e+01	2.117599999999999909e+02	2.107459999999999809e+02	2.148102416992187500e+02
1.350529999999999973e+02	6.792499999999999716e+01	2.199599999999999795e+02	2.193440000000000225e+02	2.179051361083984375e+02
1.347640000000000100e+02	6.792600000000000193e+01	2.200600000000000023e+02	2.196419999999999959e+02	2.208030242919921875e+02
1.344960000000000093e+02	6.792600000000000193e+01	2.203600000000000136e+02	2.199170000000000016e+02	2.211772460937500000e+02
1.342589999999999861e+02	6.792799999999999727e+01	2.206700000000000159e+02	2.201630000000000109e+02	2.255737915039062500e+02
1.555149999999999864e+02	1.600000000000000089e+00	1.217899999999999920e+02	1.219369999999999976e+02	1.167045059204101562e+02
1.550800000000000125e+02	1.598999999999999977e+00	1.225999999999999943e+02	1.225999999999999943e+02	1.195294036865234375e+02
1.547110000000000127e+02	1.598000000000000087e+00	1.230600000000000023e+02	1.231610000000000014e+02	1.258975753784179688e+02
1.543389999999999986e+02	1.594999999999999973e+00	1.234399999999999977e+02	1.237210000000000036e+02	1.343515014648437500e+02
1.553149999999999977e+02	6.756999999999999673e+00	1.319299999999999784e+02	1.320669999999999789e+02	1.326996765136718750e+02
1.548779999999999859e+02	6.754999999999999893e+00	1.326299999999999955e+02	1.326469999999999914e+02	1.385430297851562500e+02
1.545649999999999977e+02	6.753999999999999559e+00	1.329399999999999977e+02	1.330620000000000118e+02	1.428274536132812500e+02
1.542230000000000132e+02	6.756999999999999673e+00	1.331800000000000068e+02	1.335229999999999961e+02	1.471168823242187500e+02
1.554840000000000089e+02	1.457699999999999996e+01	1.439900000000000091e+02	1.438260000000000218e+02	1.413434448242187500e+02
1.551320000000000050e+02	1.457600000000000051e+01	1.444400000000000261e+02	1.442450000000000045e+02	1.449394683837890625e+02
1.547969999999999970e+02	1.457499999999999929e+01	1.448700000000000045e+02	1.446440000000000055e+02	1.453690948486328125e+02
1.544910000000000139e+02	1.457900000000000063e+01	1.451999999999999886e+02	1.450150000000000148e+02	1.535157775878906250e+02
1.555949999999999989e+02	2.531599999999999895e+01	1.579299999999999784e+02	1.573269999999999982e+02	1.527708892822265625e+02
1.552390000000000043e+02	2.531400000000000006e+01	1.582899999999999920e+02	1.577139999999999986e+02	1.555935211181640625e+02
1.549660000000000082e+02	2.530999999999999872e+01	1.586700000000000159e+02	1.580090000000000146e+02	1.560218963623046875e+02
1.545860000000000127e+02	2.531800000000000139e+01	1.588900000000000148e+02	1.584369999999999834e+02	1.598616943359375000e+02
1.557239999999999895e+02	3.600099999999999767e+01	1.695200000000000102e+02	1.689650000000000034e+02	1.681037902832031250e+02
1.554019999999999868e+02	3.600099999999999767e+01	1.699600000000000080e+02	1.693000000000000114e+02	1.687349090576171875e+02
1.549759999999999991e+02	3.599699999999999989e+01	1.705600000000000023e+02	1.697400000000000091e+02	1.702313232421875000e+02
1.547549999999999955e+02	3.597800000000000153e+01	1.709300000000000068e+02	1.699509999999999934e+02	1.707977752685546875e+02
1.555629999999999882e+02	4.663700000000000045e+01	1.807999999999999829e+02	1.797479999999999905e+02	1.753725433349609375e+02
1.552280000000000086e+02	4.663100000000000023e+01	1.809399999999999977e+02	1.800789999999999793e+02	1.764364471435546875e+02
1.548899999999999864e+02	4.662599999999999767e+01	1.814799999999999898e+02	1.804149999999999920e+02	1.793385925292968750e+02
1.545699999999999932e+02	4.662599999999999767e+01	1.818500000000000227e+02	1.807379999999999995e+02	1.822558288574218750e+02
1.554190000000000111e+02	5.692999999999999972e+01	1.905999999999999943e+02	1.894319999999999879e+02	1.855498504638671875e+02
1.549799999999999898e+02	5.692699999999999960e+01	1.907899999999999920e+02	1.898600000000000136e+02	1.869926147460937500e+02
1.546810000000000116e+02	5.692099999999999937e+01	1.911799999999999784e+02	1.901490000000000009e+02	1.890714569091796875e+02
1.544199999999999875e+02	5.691899999999999693e+01	1.915399999999999920e+02	1.904039999999999964e+02	1.912873535156250000e+02
1.551510000000000105e+02	6.702700000000000102e+01	1.994600000000000080e+02	1.985260000000000105e+02	1.898599548339843750e+02
1.548839999999999861e+02	6.702800000000000580e+01	1.994199999999999875e+02	1.987839999999999918e+02	1.922459411621093750e+02
1.545639999999999930e+02	6.703499999999999659e+01	2.001299999999999955e+02	1.990979999999999848e+02	1.960266418457031250e+02
1.542340000000000089e+02	6.704300000000000637e+01	2.003700000000000045e+02	1.994239999999999782e+02	1.993409118652343750e+02
1.641510000000000105e+02	1.657000000000000028e+00	2.141000000000000014e+01	2.143240000000000123e+01	1.243289260864257812e+02
1.752259999999999991e+02	4.615999999999999659e+00	9.976999999999999602e+01	9.942270000000000607e+01	1.128544692993164062e+02
1.747849999999999966e+02	4.615999999999999659e+00	1.004300000000000068e+02	1.001029999999999944e+02	1.116959228515625000e+02
1.744070000000000107e+02	4.615000000000000213e+00	1.010699999999999932e+02	1.006810000000000116e+02	1.121816253662109375e+02
1.740209999999999866e+02	4.615999999999999659e+00	1.012900000000000063e+02	1.012750000000000057e+02	1.195661239624023438e+02
1.753600000000000136e+02	1.271000000000000085e+01	1.173599999999999994e+02	1.177789999999999964e+02	1.283245086669921875e+02
1.750200000000000102e+02	1.270800000000000018e+01	1.176899999999999977e+02	1.181610000000000014e+02	1.265687179565429688e+02
1.745339999999999918e+02	1.270500000000000007e+01	1.181799999999999926e+02	1.187079999999999984e+02	1.288849792480468750e+02
1.740879999999999939e+02	1.271199999999999974e+01	1.186200000000000045e+02	1.192289999999999992e+02	1.275926895141601562e+02
1.756529999999999916e+02	1.972400000000000020e+01	1.283199999999999932e+02	1.287880000000000109e+02	1.355438079833984375e+02
1.751779999999999973e+02	1.972200000000000131e+01	1.290100000000000193e+02	1.292729999999999961e+02	1.332548675537109375e+02
1.747930000000000064e+02	1.971999999999999886e+01	1.295699999999999932e+02	1.296670000000000016e+02	1.352587127685546875e+02
1.743569999999999993e+02	1.972400000000000020e+01	1.298000000000000114e+02	1.301219999999999857e+02	1.339446563720703125e+02
1.757189999999999941e+02	2.645700000000000074e+01	1.377199999999999989e+02	1.379070000000000107e+02	1.380829925537109375e+02
1.753799999999999955e+02	2.645499999999999829e+01	1.381100000000000136e+02	1.382340000000000089e+02	1.416488800048828125e+02
1.749240000000000066e+02	2.644999999999999929e+01	1.386100000000000136e+02	1.386709999999999923e+02	1.386612854003906250e+02
1.745699999999999932e+02	2.644600000000000151e+01	1.387899999999999920e+02	1.390120000000000005e+02	1.377448272705078125e+02
1.755579999999999927e+02	3.380100000000000193e+01	1.470099999999999909e+02	1.469519999999999982e+02	1.544455413818359375e+02
1.751630000000000109e+02	3.379599999999999937e+01	1.474300000000000068e+02	1.473160000000000025e+02	1.523081054687500000e+02
1.748129999999999882e+02	3.379200000000000159e+01	1.477299999999999898e+02	1.476389999999999816e+02	1.536710815429687500e+02
1.744830000000000041e+02	3.379399999999999693e+01	1.482700000000000102e+02	1.479509999999999934e+02	1.539397888183593750e+02
1.758199999999999932e+02	4.129099999999999682e+01	1.552199999999999989e+02	1.549710000000000036e+02	1.514950561523437500e+02
1.753379999999999939e+02	4.128799999999999670e+01	1.557300000000000182e+02	1.554050000000000011e+02	1.545208435058593750e+02
1.750610000000000070e+02	4.128499999999999659e+01	1.560799999999999841e+02	1.556539999999999964e+02	1.550176239013671875e+02
1.746539999999999964e+02	4.127600000000000335e+01	1.565300000000000011e+02	1.560159999999999911e+02	1.538245086669921875e+02
1.757050000000000125e+02	4.814800000000000324e+01	1.625999999999999943e+02	1.621170000000000186e+02	1.616739196777343750e+02
1.753050000000000068e+02	4.814900000000000091e+01	1.629099999999999966e+02	1.624740000000000180e+02	1.622930755615234375e+02
1.747880000000000109e+02	4.814200000000000301e+01	1.633199999999999932e+02	1.629299999999999784e+02	1.600520172119140625e+02
1.745960000000000036e+02	4.814500000000000313e+01	1.634799999999999898e+02	1.631049999999999898e+02	1.597441101074218750e+02
1.755469999999999970e+02	5.506099999999999994e+01	1.695900000000000034e+02	1.689689999999999941e+02	1.663235168457031250e+02
1.750509999999999877e+02	5.506199999999999761e+01	1.699300000000000068e+02	1.694060000000000059e+02	1.642055358886718750e+02
1.747040000000000077e+02	5.505799999999999983e+01	1.706399999999999864e+02	1.697079999999999984e+02	1.623770904541015625e+02
1.744389999999999930e+02	5.505100000000000193e+01	1.709099999999999966e+02	1.699360000000000070e+02	1.630805664062500000e+02
1.753859999999999957e+02	6.163700000000000045e+01	1.758299999999999841e+02	1.752040000000000077e+02	1.725177307128906250e+02
1.750169999999999959e+02	6.164200000000000301e+01	1.763599999999999852e+02	1.755289999999999964e+02	1.739200439453125000e+02
1.746589999999999918e+02	6.163700000000000045e+01	1.765699999999999932e+02	1.758369999999999891e+02	1.700225830078125000e+02
1.742729999999999961e+02	6.164099999999999824e+01	1.770200000000000102e+02	1.761790000000000020e+02	1.702630920410156250e+02
1.754850000000000136e+02	6.836299999999999955e+01	1.819499999999999886e+02	1.811099999999999852e+02	1.793160858154296875e+02
1.752040000000000077e+02	6.835999999999999943e+01	1.822400000000000091e+02	1.813500000000000227e+02	1.754871368408203125e+02
1.748040000000000020e+02	6.837500000000000000e+01	1.823500000000000227e+02	1.817079999999999984e+02	1.769894714355468750e+02
1.745060000000000002e+02	6.837900000000000489e+01	1.826399999999999864e+02	1.819699999999999989e+02	1.751080322265625000e+02
9.676000000000000512e+01	1.013249999999999984e-01	1.025500000000000078e+01	2.038170000000000073e+02	2.151568145751953125e+02
1.885999999999999943e+02	4.549999999999999822e+00	9.109999999999999432e+01	7.685370000000000346e+01	9.207824707031250000e+01
1.885999999999999943e+02	4.559999999999999609e+00	9.370000000000000284e+01	7.690389999999999304e+01	9.175222778320312500e+01
1.885999999999999943e+02	4.570000000000000284e+00	9.898000000000000398e+01	7.695539999999999736e+01	9.124480438232421875e+01
1.885999999999999943e+02	5.990000000000000213e+00	9.411999999999999034e+01	8.429059999999999775e+01	9.667372131347656250e+01
1.884000000000000057e+02	5.990000000000000213e+00	9.324000000000000909e+01	8.455469999999999686e+01	9.663999176025390625e+01
1.884000000000000057e+02	5.990000000000000213e+00	9.457999999999999829e+01	8.455469999999999686e+01	9.666331481933593750e+01
1.884000000000000057e+02	5.990000000000000213e+00	9.395000000000000284e+01	8.455469999999999686e+01	9.668109130859375000e+01
1.884000000000000057e+02	7.940000000000000391e+00	9.479000000000000625e+01	9.158589999999999520e+01	9.886356353759765625e+01
1.884000000000000057e+02	7.940000000000000391e+00	9.461999999999999034e+01	9.158589999999999520e+01	9.886861419677734375e+01
1.881999999999999886e+02	1.009999999999999964e+01	9.743000000000000682e+01	9.780209999999999582e+01	1.032920761108398438e+02
1.881999999999999886e+02	1.009999999999999964e+01	9.712999999999999545e+01	9.780209999999999582e+01	1.033026123046875000e+02
1.881999999999999886e+02	1.009999999999999964e+01	9.814000000000000057e+01	9.780209999999999582e+01	1.032689819335937500e+02
1.879000000000000057e+02	1.108000000000000007e+01	1.002999999999999972e+02	1.004879999999999995e+02	1.076531295776367188e+02
1.879000000000000057e+02	1.108000000000000007e+01	9.906000000000000227e+01	1.004879999999999995e+02	1.076904220581054688e+02
1.885999999999999943e+02	1.491999999999999993e+01	1.060000000000000000e+02	1.077920000000000016e+02	1.126143646240234375e+02
1.885999999999999943e+02	1.491999999999999993e+01	1.040000000000000000e+02	1.077920000000000016e+02	1.126395874023437500e+02
1.885999999999999943e+02	1.953000000000000114e+01	1.136000000000000085e+02	1.158100000000000023e+02	1.125351638793945312e+02
1.885999999999999943e+02	1.953000000000000114e+01	1.117999999999999972e+02	1.158100000000000023e+02	1.129296875000000000e+02
1.889000000000000057e+02	1.962000000000000099e+01	1.126000000000000085e+02	1.156790000000000020e+02	1.138910064697265625e+02
1.889000000000000057e+02	1.962000000000000099e+01	1.112999999999999972e+02	1.156790000000000020e+02	1.143002548217773438e+02
1.879000000000000057e+02	2.069999999999999929e+01	1.155000000000000000e+02	1.182990000000000066e+02	1.174663543701171875e+02
1.879000000000000057e+02	2.089000000000000057e+01	1.145000000000000000e+02	1.185919999999999987e+02	1.184783706665039062e+02
1.879000000000000057e+02	2.089000000000000057e+01	1.137999999999999972e+02	1.185919999999999987e+02	1.186478500366210938e+02
1.884000000000000057e+02	2.962999999999999901e+01	1.275000000000000000e+02	1.303479999999999848e+02	1.243737869262695312e+02
1.884000000000000057e+02	2.973000000000000043e+01	1.267000000000000028e+02	1.304759999999999991e+02	1.265328063964843750e+02
1.884000000000000057e+02	2.973000000000000043e+01	1.275000000000000000e+02	1.304759999999999991e+02	1.264034652709960938e+02
1.881999999999999886e+02	3.932999999999999829e+01	1.381999999999999886e+02	1.420699999999999932e+02	1.337640075683593750e+02
1.881999999999999886e+02	3.953999999999999915e+01	1.380000000000000000e+02	1.423040000000000020e+02	1.338341674804687500e+02
1.879000000000000057e+02	4.718999999999999773e+01	1.474000000000000057e+02	1.507280000000000086e+02	1.411027221679687500e+02
1.879000000000000057e+02	4.718999999999999773e+01	1.455000000000000000e+02	1.507280000000000086e+02	1.414601745605468750e+02
1.879000000000000057e+02	4.914000000000000057e+01	1.491000000000000227e+02	1.527159999999999798e+02	1.455131835937500000e+02
1.829000000000000057e+02	3.689999999999999947e+00	8.747000000000001307e+01	8.171779999999999688e+01	9.329830932617187500e+01
1.829000000000000057e+02	3.689999999999999947e+00	8.856000000000000227e+01	8.171779999999999688e+01	9.319165802001953125e+01
1.829000000000000057e+02	7.459999999999999964e+00	9.665999999999999659e+01	9.707219999999999516e+01	1.002507629394531250e+02
1.831999999999999886e+02	7.459999999999999964e+00	9.862000000000000455e+01	9.667960000000000775e+01	1.013584671020507812e+02
1.835000000000000000e+02	1.000999999999999979e+01	1.050999999999999943e+02	1.029240000000000066e+02	1.026267395019531250e+02
1.835000000000000000e+02	1.000999999999999979e+01	1.022999999999999972e+02	1.029240000000000066e+02	1.030104675292968750e+02
1.835000000000000000e+02	1.491999999999999993e+01	1.125000000000000000e+02	1.129420000000000073e+02	1.137195434570312500e+02
1.835000000000000000e+02	1.491999999999999993e+01	1.117999999999999972e+02	1.129420000000000073e+02	1.137512207031250000e+02
1.836999999999999886e+02	1.971999999999999886e+01	1.189000000000000057e+02	1.207519999999999953e+02	1.157577819824218750e+02
1.836999999999999886e+02	1.971999999999999886e+01	1.200999999999999943e+02	1.207519999999999953e+02	1.154311294555664062e+02
1.835000000000000000e+02	2.953000000000000114e+01	1.317000000000000171e+02	1.345379999999999825e+02	1.258892517089843750e+02
1.835000000000000000e+02	2.953000000000000114e+01	1.333000000000000114e+02	1.345379999999999825e+02	1.255299224853515625e+02
1.835000000000000000e+02	3.972999999999999687e+01	1.426999999999999886e+02	1.464930000000000234e+02	1.359204711914062500e+02
1.831999999999999886e+02	4.914000000000000057e+01	1.526999999999999886e+02	1.566119999999999948e+02	1.453725891113281250e+02
1.831999999999999886e+02	4.914000000000000057e+01	1.515000000000000000e+02	1.566119999999999948e+02	1.457808227539062500e+02
1.764000000000000057e+02	3.830000000000000071e+00	1.004000000000000057e+02	9.480760000000000787e+01	1.050186767578125000e+02
1.764000000000000057e+02	3.830000000000000071e+00	9.940000000000000568e+01	9.480760000000000787e+01	1.050612716674804688e+02
1.766999999999999886e+02	5.009999999999999787e+00	1.025999999999999943e+02	9.841089999999999804e+01	1.067393035888671875e+02
1.766999999999999886e+02	5.009999999999999787e+00	1.020000000000000000e+02	9.841089999999999804e+01	1.067680130004882812e+02
1.770000000000000000e+02	6.240000000000000213e+00	1.053999999999999915e+02	1.016230000000000047e+02	1.088240890502929688e+02
1.775000000000000000e+02	7.950000000000000178e+00	1.088999999999999915e+02	1.053790000000000049e+02	1.111364822387695312e+02
1.766999999999999886e+02	7.950000000000000178e+00	1.080000000000000000e+02	1.064090000000000060e+02	1.114736251831054688e+02
1.770000000000000000e+02	1.006000000000000050e+01	1.126000000000000085e+02	1.107349999999999994e+02	1.132331542968750000e+02
1.775000000000000000e+02	1.167999999999999972e+01	1.164000000000000057e+02	1.134119999999999919e+02	1.198163146972656250e+02
1.775000000000000000e+02	1.167999999999999972e+01	1.152999999999999972e+02	1.134119999999999919e+02	1.198428878784179688e+02
1.765000000000000000e+02	1.971999999999999886e+01	1.272999999999999972e+02	1.279170000000000016e+02	1.255450439453125000e+02
1.765000000000000000e+02	1.971999999999999886e+01	1.290000000000000000e+02	1.279170000000000016e+02	1.253878326416015625e+02
1.765000000000000000e+02	2.953000000000000114e+01	1.405999999999999943e+02	1.410039999999999907e+02	1.345231933593750000e+02
1.766999999999999886e+02	3.918999999999999773e+01	1.501000000000000227e+02	1.519199999999999875e+02	1.451292572021484375e+02
1.766999999999999886e+02	3.918999999999999773e+01	1.491000000000000227e+02	1.519199999999999875e+02	1.454118499755859375e+02
1.770000000000000000e+02	4.879999999999999716e+01	1.580000000000000000e+02	1.616189999999999998e+02	1.541269073486328125e+02
1.770000000000000000e+02	4.879999999999999716e+01	1.590000000000000000e+02	1.616189999999999998e+02	1.540456848144531250e+02
1.650000000000000000e+02	3.589999999999999858e+00	1.247000000000000028e+02	1.121439999999999912e+02	1.220119400024414062e+02
1.655000000000000000e+02	3.589999999999999858e+00	1.250000000000000000e+02	1.113920000000000101e+02	1.217975845336914062e+02
1.641999999999999886e+02	5.200000000000000178e+00	1.260999999999999943e+02	1.170100000000000051e+02	1.236390762329101562e+02
1.650000000000000000e+02	5.400000000000000355e+00	1.267999999999999972e+02	1.163259999999999934e+02	1.247808151245117188e+02
1.653000000000000114e+02	7.950000000000000178e+00	1.313000000000000114e+02	1.211109999999999900e+02	1.298329925537109375e+02
1.646999999999999886e+02	9.710000000000000853e+00	1.342000000000000171e+02	1.250989999999999895e+02	1.307954254150390625e+02
1.660000000000000000e+02	1.481000000000000050e+01	1.416999999999999886e+02	1.318900000000000148e+02	1.409724731445312500e+02
1.646999999999999886e+02	2.035999999999999943e+01	1.474000000000000057e+02	1.412340000000000089e+02	1.427449951171875000e+02
1.646999999999999886e+02	2.035999999999999943e+01	1.485000000000000000e+02	1.412340000000000089e+02	1.424795379638671875e+02
1.661999999999999886e+02	2.932999999999999829e+01	1.572000000000000171e+02	1.508569999999999993e+02	1.464582672119140625e+02
1.646999999999999886e+02	2.953000000000000114e+01	1.572000000000000171e+02	1.526140000000000043e+02	1.522442779541015625e+02
1.641999999999999886e+02	3.914000000000000057e+01	1.673000000000000114e+02	1.636769999999999925e+02	1.606903839111328125e+02
1.641999999999999886e+02	4.914000000000000057e+01	1.753000000000000114e+02	1.736989999999999839e+02	1.710982666015625000e+02
1.641999999999999886e+02	4.914000000000000057e+01	1.756999999999999886e+02	1.736989999999999839e+02	1.697955780029296875e+02
1.526999999999999886e+02	1.600000000000000089e+00	1.446999999999999886e+02	1.262139999999999986e+02	1.298888549804687500e+02
1.526999999999999886e+02	3.069999999999999840e+00	1.481999999999999886e+02	1.290840000000000032e+02	1.491659698486328125e+02
1.521999999999999886e+02	7.360000000000000320e+00	1.535000000000000000e+02	1.371979999999999791e+02	1.500866394042968750e+02
1.521999999999999886e+02	7.360000000000000320e+00	1.567000000000000171e+02	1.371979999999999791e+02	1.493582305908203125e+02
1.526999999999999886e+02	9.910000000000000142e+00	1.569000000000000057e+02	1.405060000000000002e+02	1.534091796875000000e+02
1.518000000000000114e+02	1.059999999999999964e+01	1.585999999999999943e+02	1.426699999999999875e+02	1.522322540283203125e+02
1.529000000000000057e+02	1.481000000000000050e+01	1.640999999999999943e+02	1.472369999999999948e+02	1.622847290039062500e+02
1.531999999999999886e+02	1.481000000000000050e+01	1.640000000000000000e+02	1.468770000000000095e+02	1.622811889648437500e+02
1.526999999999999886e+02	1.971999999999999886e+01	1.710999999999999943e+02	1.538309999999999889e+02	1.633994903564453125e+02
1.529000000000000057e+02	2.912999999999999901e+01	1.806000000000000227e+02	1.645969999999999800e+02	1.689391174316406250e+02
1.526999999999999886e+02	2.932999999999999829e+01	1.781999999999999886e+02	1.650339999999999918e+02	1.734639282226562500e+02
1.529000000000000057e+02	3.914000000000000057e+01	1.850000000000000000e+02	1.751179999999999950e+02	1.844366912841796875e+02
1.529000000000000057e+02	3.914000000000000057e+01	1.879000000000000057e+02	1.751179999999999950e+02	1.839121551513671875e+02
1.526999999999999886e+02	3.924000000000000199e+01	1.847999999999999829e+02	1.754269999999999925e+02	1.849952087402343750e+02
1.526999999999999886e+02	4.914000000000000057e+01	1.943000000000000114e+02	1.850030000000000143e+02	1.928872833251953125e+02
1.410000000000000000e+02	1.469999999999999973e+00	1.680999999999999943e+02	1.432880000000000109e+02	1.495100250244140625e+02
1.410000000000000000e+02	3.359999999999999876e+00	1.700999999999999943e+02	1.462580000000000098e+02	1.583700866699218750e+02
1.410000000000000000e+02	3.359999999999999876e+00	1.705000000000000000e+02	1.462580000000000098e+02	1.583493347167968750e+02
1.410000000000000000e+02	5.099999999999999645e+00	1.729000000000000057e+02	1.488629999999999995e+02	1.556734619140625000e+02
1.408000000000000114e+02	5.990000000000000213e+00	1.735000000000000000e+02	1.504250000000000114e+02	1.569783782958984375e+02
1.399000000000000057e+02	7.940000000000000391e+00	1.774000000000000057e+02	1.543559999999999945e+02	1.552447052001953125e+02
1.393000000000000114e+02	7.940000000000000391e+00	1.740000000000000000e+02	1.551550000000000011e+02	1.562975311279296875e+02
1.395000000000000000e+02	9.320000000000000284e+00	1.774000000000000057e+02	1.567340000000000089e+02	1.597550354003906250e+02
1.395000000000000000e+02	1.207000000000000028e+01	1.807999999999999829e+02	1.602789999999999964e+02	1.640182800292968750e+02
1.395000000000000000e+02	1.481000000000000050e+01	1.831999999999999886e+02	1.636599999999999966e+02	1.696180725097656250e+02
1.403000000000000114e+02	1.962000000000000099e+01	1.884000000000000057e+02	1.683310000000000173e+02	1.716003570556640625e+02
1.400000000000000000e+02	1.971999999999999886e+01	1.870999999999999943e+02	1.688060000000000116e+02	1.724920654296875000e+02
1.400000000000000000e+02	2.971999999999999886e+01	1.967000000000000171e+02	1.796080000000000041e+02	1.863558807373046875e+02
1.400000000000000000e+02	3.972999999999999687e+01	2.011999999999999886e+02	1.895000000000000000e+02	1.933843078613281250e+02
1.400000000000000000e+02	4.914000000000000057e+01	2.104000000000000057e+02	1.981940000000000168e+02	2.030493774414062500e+02
1.177999999999999972e+02	4.600000000000000200e-01	1.968000000000000114e+02	1.754310000000000116e+02	1.650961303710937500e+02
1.190000000000000000e+02	6.969999999999999751e+00	2.010000000000000000e+02	1.812839999999999918e+02	1.901276855468750000e+02
1.197000000000000028e+02	1.148000000000000043e+01	2.003000000000000114e+02	1.852760000000000105e+02	1.984930572509765625e+02
1.197000000000000028e+02	1.148000000000000043e+01	2.054000000000000057e+02	1.852760000000000105e+02	1.973210754394531250e+02
1.195000000000000000e+02	1.491999999999999993e+01	2.068000000000000114e+02	1.891419999999999959e+02	2.031714782714843750e+02
1.180000000000000000e+02	1.971999999999999886e+01	2.117999999999999829e+02	1.958439999999999941e+02	2.051811828613281250e+02
1.175999999999999943e+02	2.953000000000000114e+01	2.172000000000000171e+02	2.055750000000000171e+02	2.156995391845703125e+02
1.175999999999999943e+02	3.924000000000000199e+01	2.233999999999999773e+02	2.141690000000000111e+02	2.256656494140625000e+02
1.199000000000000057e+02	3.942999999999999972e+01	2.233999999999999773e+02	2.117360000000000184e+02	2.186848297119140625e+02
1.199000000000000057e+02	4.875000000000000000e+01	2.290999999999999943e+02	2.196639999999999873e+02	2.242185974121093750e+02
1.199000000000000057e+02	4.895000000000000284e+01	2.265000000000000000e+02	2.198299999999999841e+02	2.273046722412109375e+02
1.089000000000000057e+02	2.950000000000000178e+00	2.088000000000000114e+02	1.906119999999999948e+02	2.046251068115234375e+02
1.089000000000000057e+02	2.950000000000000178e+00	2.097999999999999829e+02	1.906119999999999948e+02	2.028609771728515625e+02
1.094000000000000057e+02	4.700000000000000178e+00	2.090000000000000000e+02	1.917680000000000007e+02	1.938692932128906250e+02
1.094000000000000057e+02	4.700000000000000178e+00	2.111999999999999886e+02	1.917680000000000007e+02	1.932769012451171875e+02
1.092000000000000028e+02	9.810000000000000497e+00	2.135000000000000000e+02	1.972090000000000032e+02	2.019232788085937500e+02
1.099000000000000057e+02	1.481000000000000050e+01	2.152999999999999829e+02	2.011810000000000116e+02	2.143569183349609375e+02
1.099000000000000057e+02	1.481000000000000050e+01	2.167999999999999829e+02	2.011810000000000116e+02	2.139911193847656250e+02
1.092000000000000028e+02	1.971999999999999886e+01	2.202999999999999829e+02	2.066379999999999768e+02	2.186704254150390625e+02
1.092000000000000028e+02	1.971999999999999886e+01	2.200000000000000000e+02	2.066379999999999768e+02	2.188194732666015625e+02
1.094000000000000057e+02	2.953000000000000114e+01	2.255999999999999943e+02	2.151359999999999957e+02	2.272740478515625000e+02
1.094000000000000057e+02	3.893999999999999773e+01	2.300000000000000000e+02	2.230800000000000125e+02	2.378582763671875000e+02
1.094000000000000057e+02	3.914000000000000057e+01	2.300000000000000000e+02	2.232450000000000045e+02	2.382536773681640625e+02
1.094000000000000057e+02	4.972999999999999687e+01	2.378000000000000114e+02	2.317710000000000150e+02	2.480801391601562500e+02
1.094000000000000057e+02	4.992999999999999972e+01	2.350000000000000000e+02	2.319279999999999973e+02	2.489371795654296875e+02
9.893000000000000682e+01	3.044000000000000128e+01	2.676100000000000136e+02	2.275459999999999923e+02	2.130546875000000000e+02
9.898999999999999488e+01	2.030999999999999872e+01	2.254800000000000182e+02	2.191550000000000011e+02	2.076764221191406250e+02
9.901000000000000512e+01	1.013000000000000078e+01	2.165199999999999818e+02	2.102740000000000009e+02	1.966756744384765625e+02
9.901999999999999602e+01	5.120000000000000107e+00	2.117100000000000080e+02	2.056779999999999973e+02	1.892698822021484375e+02
9.901999999999999602e+01	2.560000000000000053e+00	2.091600000000000250e+02	2.032680000000000007e+02	1.826142120361328125e+02
9.903000000000000114e+01	1.600000000000000033e-01	2.069000000000000057e+02	2.009489999999999839e+02	1.663578186035156250e+02
1.254699999999999989e+02	5.067000000000000171e+01	2.189899999999999807e+02	2.151999999999999886e+02	2.135599365234375000e+02
1.254899999999999949e+02	4.067999999999999972e+01	2.101200000000000045e+02	2.065310000000000059e+02	2.041555175781250000e+02
1.255499999999999972e+02	3.041000000000000014e+01	2.003300000000000125e+02	1.970459999999999923e+02	1.968617401123046875e+02
1.255300000000000011e+02	2.041000000000000014e+01	1.899099999999999966e+02	1.872270000000000039e+02	1.855608825683593750e+02
1.255400000000000063e+02	1.015000000000000036e+01	1.782400000000000091e+02	1.761430000000000007e+02	1.768628540039062500e+02
1.256099999999999994e+02	5.080000000000000071e+00	1.713799999999999955e+02	1.700649999999999977e+02	1.668704223632812500e+02
1.256200000000000045e+02	2.430000000000000160e+00	1.680300000000000011e+02	1.667419999999999902e+02	1.593692016601562500e+02
1.502299999999999898e+02	5.074000000000000199e+01	1.923799999999999955e+02	1.889929999999999950e+02	2.049942016601562500e+02
1.502500000000000000e+02	4.053999999999999915e+01	1.828400000000000034e+02	1.792820000000000107e+02	1.919139556884765625e+02
1.502800000000000011e+02	3.044000000000000128e+01	1.716699999999999875e+02	1.688780000000000143e+02	1.784837799072265625e+02
1.502800000000000011e+02	2.048000000000000043e+01	1.595399999999999920e+02	1.575550000000000068e+02	1.627415161132812500e+02
1.502800000000000011e+02	1.013000000000000078e+01	1.455999999999999943e+02	1.439110000000000014e+02	1.578994750976562500e+02
1.502899999999999920e+02	5.040000000000000036e+00	1.374000000000000057e+02	1.359750000000000227e+02	1.421731109619140625e+02
1.503000000000000114e+02	2.620000000000000107e+00	1.328799999999999955e+02	1.317240000000000180e+02	1.418920593261718750e+02
1.751299999999999955e+02	5.067000000000000171e+01	1.665200000000000102e+02	1.651160000000000139e+02	1.652207489013671875e+02
1.751399999999999864e+02	4.057999999999999829e+01	1.561899999999999977e+02	1.548329999999999984e+02	1.547229614257812500e+02
1.751699999999999875e+02	3.041000000000000014e+01	1.444300000000000068e+02	1.433329999999999984e+02	1.498964843750000000e+02
1.751500000000000057e+02	2.041000000000000014e+01	1.309200000000000159e+02	1.302969999999999970e+02	1.348234252929687500e+02
1.751599999999999966e+02	1.013000000000000078e+01	1.140599999999999881e+02	1.130879999999999939e+02	1.294806213378906250e+02
1.751500000000000057e+02	5.129999999999999893e+00	1.027600000000000051e+02	1.011090000000000089e+02	1.194476776123046875e+02
1.108679999999999950e+02	2.039999999999999869e-01	1.845999999999999943e+02	1.849369999999999834e+02	1.691136474609375000e+02
1.110019999999999953e+02	1.100000000000000089e+00	1.855900000000000034e+02	1.857389999999999759e+02	1.822108459472656250e+02
1.109710000000000036e+02	2.236000000000000210e+00	1.870000000000000000e+02	1.870219999999999914e+02	1.790737915039062500e+02
1.112019999999999982e+02	3.270000000000000018e+00	1.880600000000000023e+02	1.878220000000000027e+02	1.903174285888671875e+02
1.110240000000000009e+02	4.269000000000000128e+00	1.890300000000000011e+02	1.891299999999999955e+02	1.805004425048828125e+02
1.108970000000000056e+02	5.269000000000000128e+00	1.900999999999999943e+02	1.903559999999999945e+02	1.885185394287109375e+02
1.110379999999999967e+02	6.336999999999999744e+00	1.910399999999999920e+02	1.912820000000000107e+02	1.869342041015625000e+02
1.107180000000000035e+02	7.403999999999999915e+00	1.925500000000000114e+02	1.928070000000000164e+02	1.949267578125000000e+02
1.109519999999999982e+02	8.644999999999999574e+00	1.940900000000000034e+02	1.937669999999999959e+02	1.921858673095703125e+02
1.248059999999999974e+02	7.209999999999999742e-01	1.644099999999999966e+02	1.657039999999999793e+02	1.653982543945312500e+02
1.249849999999999994e+02	1.754999999999999893e+00	1.661999999999999886e+02	1.667820000000000107e+02	1.480529327392578125e+02
1.250589999999999975e+02	2.718999999999999861e+00	1.673900000000000148e+02	1.679019999999999868e+02	1.641161499023437500e+02
1.250340000000000060e+02	3.822000000000000064e+00	1.689699999999999989e+02	1.693149999999999977e+02	1.617645263671875000e+02
1.248670000000000044e+02	4.924000000000000377e+00	1.704099999999999966e+02	1.708990000000000009e+02	1.645690917968750000e+02
1.251959999999999980e+02	5.956999999999999851e+00	1.721299999999999955e+02	1.716959999999999980e+02	1.678436126708984375e+02
1.247279999999999944e+02	7.059999999999999609e+00	1.734399999999999977e+02	1.736459999999999866e+02	1.708548889160156250e+02
1.247840000000000060e+02	8.368999999999999773e+00	1.750999999999999943e+02	1.750999999999999943e+02	1.727545318603515625e+02
1.554799999999999898e+02	1.514000000000000012e+00	1.221099999999999994e+02	1.218029999999999973e+02	1.265290222167968750e+02
1.552510000000000048e+02	2.306000000000000050e+00	1.228499999999999943e+02	1.238329999999999984e+02	1.251322937011718750e+02
1.549530000000000030e+02	2.891000000000000014e+00	1.254699999999999989e+02	1.254619999999999891e+02	1.359316253662109375e+02
1.551920000000000073e+02	3.374000000000000110e+00	1.259399999999999977e+02	1.260689999999999884e+02	1.345532836914062500e+02
1.549689999999999941e+02	4.131999999999999673e+00	1.275199999999999960e+02	1.278410000000000082e+02	1.294199218750000000e+02
1.550339999999999918e+02	4.924000000000000377e+00	1.290800000000000125e+02	1.292169999999999845e+02	1.318058319091796875e+02
1.552849999999999966e+02	5.647999999999999687e+00	1.301799999999999784e+02	1.301750000000000114e+02	1.326333160400390625e+02
1.547259999999999991e+02	6.301999999999999602e+00	1.310900000000000034e+02	1.320759999999999934e+02	1.369809417724609375e+02
1.549950000000000045e+02	7.128999999999999559e+00	1.326400000000000148e+02	1.331229999999999905e+02	1.363742523193359375e+02
1.545980000000000132e+02	7.886999999999999567e+00	1.340300000000000011e+02	1.348979999999999961e+02	1.406006164550781250e+02
1.551670000000000016e+02	8.576000000000000512e+00	1.355099999999999909e+02	1.352750000000000057e+02	1.395151824951171875e+02
1.803360000000000127e+02	3.753000000000000114e+00	8.969000000000001194e+01	8.736829999999999075e+01	9.255615997314453125e+01
1.805089999999999861e+02	4.131999999999999673e+00	9.114999999999999147e+01	8.887659999999999627e+01	9.248910522460937500e+01
1.801320000000000050e+02	4.580000000000000071e+00	9.303000000000000114e+01	9.144469999999999743e+01	9.280124664306640625e+01
1.801719999999999970e+02	5.027000000000000135e+00	9.396000000000000796e+01	9.309640000000000271e+01	9.567638397216796875e+01
1.802549999999999955e+02	5.578000000000000291e+00	9.511999999999999034e+01	9.490859999999999275e+01	9.819680786132812500e+01
1.801390000000000100e+02	6.094999999999999751e+00	9.701000000000000512e+01	9.675469999999999970e+01	9.802986145019531250e+01
1.800579999999999927e+02	6.783999999999999808e+00	9.901000000000000512e+01	9.892929999999999779e+01	1.021130447387695312e+02
1.799890000000000043e+02	7.334999999999999964e+00	1.004899999999999949e+02	1.005579999999999927e+02	1.044869079589843750e+02
1.799050000000000011e+02	8.230999999999999872e+00	1.026100000000000136e+02	1.029950000000000045e+02	1.132779617309570312e+02
1.399199999999999875e+02	5.999799999999999756e+01	2.048799999999999955e+02	2.077549999999999955e+02	2.092850952148437500e+02
1.400699999999999932e+02	5.999799999999999756e+01	2.046999999999999886e+02	2.075999999999999943e+02	2.121840515136718750e+02
1.399499999999999886e+02	5.000099999999999767e+01	1.964500000000000171e+02	1.990190000000000055e+02	2.007377929687500000e+02
1.399699999999999989e+02	5.000099999999999767e+01	1.958300000000000125e+02	1.989980000000000189e+02	2.007617645263671875e+02
1.400000000000000000e+02	4.000399999999999778e+01	1.872999999999999829e+02	1.897610000000000241e+02	1.958810424804687500e+02
1.400099999999999909e+02	4.000399999999999778e+01	1.873700000000000045e+02	1.897500000000000000e+02	1.958769683837890625e+02
1.400900000000000034e+02	3.000600000000000023e+01	1.768700000000000045e+02	1.797989999999999782e+02	1.916341094970703125e+02
1.400000000000000000e+02	3.000600000000000023e+01	1.775999999999999943e+02	1.799010000000000105e+02	1.901579284667968750e+02
1.200799999999999983e+02	1.000399999999999956e+01	1.795600000000000023e+02	1.831859999999999786e+02	1.758824920654296875e+02
1.200100000000000051e+02	1.000399999999999956e+01	1.796500000000000057e+02	1.832779999999999916e+02	1.809768981933593750e+02
1.200799999999999983e+02	1.000399999999999956e+01	1.797400000000000091e+02	1.831859999999999786e+02	1.761455230712890625e+02
1.199000000000000057e+02	2.000199999999999889e+01	1.901599999999999966e+02	1.937709999999999866e+02	1.995442352294921875e+02
1.198900000000000006e+02	2.000199999999999889e+01	1.908000000000000114e+02	1.937830000000000155e+02	1.999512786865234375e+02
1.200400000000000063e+02	2.999899999999999878e+01	1.999600000000000080e+02	2.031350000000000193e+02	1.985569610595703125e+02
1.199099999999999966e+02	2.999899999999999878e+01	2.003199999999999932e+02	2.032879999999999825e+02	2.094991760253906250e+02
1.199399999999999977e+02	4.000399999999999778e+01	2.088700000000000045e+02	2.121899999999999977e+02	2.108144073486328125e+02
1.198599999999999994e+02	4.000399999999999778e+01	2.093299999999999841e+02	2.122810000000000059e+02	2.254393005371093750e+02
1.210100000000000051e+02	5.000099999999999767e+01	2.129900000000000091e+02	2.194939999999999998e+02	2.145554046630859375e+02
1.399000000000000057e+02	2.000199999999999889e+01	1.668600000000000136e+02	1.692470000000000141e+02	1.705326843261718750e+02
1.399300000000000068e+02	2.000199999999999889e+01	1.663199999999999932e+02	1.692110000000000127e+02	1.701779785156250000e+02
1.398899999999999864e+02	1.000399999999999956e+01	1.540499999999999829e+02	1.571230000000000189e+02	1.599976959228515625e+02
1.398899999999999864e+02	1.000399999999999956e+01	1.542000000000000171e+02	1.571230000000000189e+02	1.600843200683593750e+02
1.398899999999999864e+02	1.000399999999999956e+01	1.538499999999999943e+02	1.571230000000000189e+02	1.600049438476562500e+02
1.399199999999999875e+02	4.998999999999999666e+00	1.470900000000000034e+02	1.502040000000000077e+02	1.515302124023437500e+02
1.399000000000000057e+02	4.998999999999999666e+00	1.471899999999999977e+02	1.502319999999999993e+02	1.515246887207031250e+02
1.399499999999999886e+02	2.495999999999999996e+00	1.432400000000000091e+02	1.464240000000000066e+02	1.467628173828125000e+02
1.399499999999999886e+02	2.495999999999999996e+00	1.433899999999999864e+02	1.464240000000000066e+02	1.467496490478515625e+02
1.599300000000000068e+02	2.495999999999999996e+00	1.153299999999999983e+02	1.172009999999999934e+02	1.228261871337890625e+02
1.599399999999999977e+02	2.495999999999999996e+00	1.150799999999999983e+02	1.171859999999999928e+02	1.231529769897460938e+02
1.599000000000000057e+02	2.000199999999999889e+01	1.437700000000000102e+02	1.460349999999999966e+02	1.489691467285156250e+02
1.598899999999999864e+02	2.000199999999999889e+01	1.437400000000000091e+02	1.460460000000000207e+02	1.489709930419921875e+02
1.599600000000000080e+02	2.999899999999999878e+01	1.561700000000000159e+02	1.580439999999999827e+02	1.589363555908203125e+02
1.599799999999999898e+02	2.999899999999999878e+01	1.558199999999999932e+02	1.580229999999999961e+02	1.539847259521484375e+02
1.599799999999999898e+02	1.000399999999999956e+01	1.293100000000000023e+02	1.314800000000000182e+02	1.310395660400390625e+02
1.599799999999999898e+02	1.000399999999999956e+01	1.291599999999999966e+02	1.314800000000000182e+02	1.310512084960937500e+02
1.599799999999999898e+02	4.998999999999999666e+00	1.202899999999999920e+02	1.224869999999999948e+02	1.234039611816406250e+02
1.600099999999999909e+02	4.998999999999999666e+00	1.199400000000000119e+02	1.224449999999999932e+02	1.218604278564453125e+02
1.600399999999999920e+02	2.495999999999999996e+00	1.151800000000000068e+02	1.170330000000000013e+02	1.164063415527343750e+02
1.600000000000000000e+02	2.495999999999999996e+00	1.149300000000000068e+02	1.170940000000000083e+02	1.173870086669921875e+02
1.600000000000000000e+02	4.000399999999999778e+01	1.667400000000000091e+02	1.687359999999999900e+02	1.614442901611328125e+02
1.600000000000000000e+02	4.000399999999999778e+01	1.666400000000000148e+02	1.687359999999999900e+02	1.614922790527343750e+02
1.600000000000000000e+02	4.999399999999999977e+01	1.768100000000000023e+02	1.785610000000000070e+02	1.704673461914062500e+02
1.599499999999999886e+02	4.999399999999999977e+01	1.769799999999999898e+02	1.786089999999999804e+02	1.746347351074218750e+02
1.599799999999999898e+02	5.999799999999999756e+01	1.855300000000000011e+02	1.877729999999999961e+02	1.789028320312500000e+02
1.599699999999999989e+02	5.999799999999999756e+01	1.857999999999999829e+02	1.877820000000000107e+02	1.816824798583984375e+02
1.600500000000000114e+02	6.999599999999999511e+01	1.935999999999999943e+02	1.964029999999999916e+02	1.804805755615234375e+02
1.599399999999999977e+02	6.999599999999999511e+01	1.941700000000000159e+02	1.965060000000000002e+02	1.905239105224609375e+02
1.799600000000000080e+02	6.999599999999999511e+01	1.769799999999999898e+02	1.787379999999999995e+02	1.682158966064453125e+02
1.800000000000000000e+02	6.999599999999999511e+01	1.770600000000000023e+02	1.787040000000000077e+02	1.586492309570312500e+02
1.799099999999999966e+02	5.999799999999999756e+01	1.682800000000000011e+02	1.698209999999999980e+02	1.609348144531250000e+02
1.799600000000000080e+02	5.000099999999999767e+01	1.583700000000000045e+02	1.602319999999999993e+02	1.542431335449218750e+02
1.799199999999999875e+02	4.000399999999999778e+01	1.481699999999999875e+02	1.499189999999999827e+02	1.455217742919921875e+02
1.799499999999999886e+02	2.999899999999999878e+01	1.365300000000000011e+02	1.383559999999999945e+02	1.380551452636718750e+02
1.800000000000000000e+02	2.000199999999999889e+01	1.229100000000000108e+02	1.248120000000000118e+02	1.153084564208984375e+02
1.799799999999999898e+02	2.000199999999999889e+01	1.227899999999999920e+02	1.248319999999999936e+02	1.156008758544921875e+02
1.799799999999999898e+02	9.996999999999999886e+00	1.060000000000000000e+02	1.070420000000000016e+02	1.041498565673828125e+02
1.799799999999999898e+02	9.996999999999999886e+00	1.058299999999999983e+02	1.070420000000000016e+02	1.041546478271484375e+02
1.799799999999999898e+02	4.998999999999999666e+00	9.392000000000000171e+01	9.329610000000000980e+01	9.919650268554687500e+01
1.799900000000000091e+02	4.998999999999999666e+00	9.415999999999999659e+01	9.328029999999999688e+01	9.958434295654296875e+01
