# Temp(K)	Pressure(MPa)	Experimental(mW/m*K)	NIST(mW/m*K)	Model(mW/m*K)
1.114300000000000068e+02	5.530000000000000471e-01	1.847000000000000171e+02	1.845390000000000157e+02	1.707739222898872242e+02
1.113310000000000031e+02	1.163700000000000045e+01	1.971999999999999886e+02	1.962789999999999964e+02	1.927461339410989751e+02
1.114830000000000041e+02	2.269099999999999895e+01	2.076999999999999886e+02	2.066060000000000230e+02	2.119505262584190746e+02
1.113280000000000030e+02	3.411299999999999955e+01	2.175000000000000000e+02	2.168720000000000141e+02	2.305737282869795308e+02
1.112049999999999983e+02	4.492900000000000205e+01	2.262000000000000171e+02	2.260040000000000191e+02	2.178746263539617019e+02
1.110810000000000031e+02	5.673599999999999710e+01	2.353000000000000114e+02	2.354789999999999850e+02	2.362364833646962836e+02
1.109620000000000033e+02	6.864400000000000546e+01	2.436999999999999886e+02	2.446189999999999998e+02	2.376051905364149093e+02
1.348669999999999902e+02	7.640000000000000124e-01	1.519000000000000057e+02	1.511530000000000200e+02	1.518048863010485547e+02
1.349060000000000059e+02	1.170899999999999963e+01	1.670000000000000000e+02	1.657359999999999900e+02	1.682266502867146585e+02
1.347520000000000095e+02	2.296199999999999974e+01	1.800000000000000000e+02	1.786730000000000018e+02	1.915999889957088556e+02
1.348720000000000141e+02	3.417699999999999960e+01	1.913000000000000114e+02	1.898880000000000052e+02	1.872596100932818786e+02
1.347129999999999939e+02	4.557600000000000051e+01	2.019000000000000057e+02	2.006850000000000023e+02	2.021679973129265022e+02
1.348230000000000075e+02	5.674799999999999756e+01	2.114000000000000057e+02	2.103190000000000168e+02	2.077890773508070197e+02
1.346430000000000007e+02	6.792600000000000193e+01	2.202999999999999829e+02	2.197659999999999911e+02	2.159048421274092107e+02
1.549110000000000014e+02	1.596999999999999975e+00	1.227000000000000028e+02	1.228539999999999992e+02	1.206554802304106886e+02
1.547450000000000045e+02	6.753999999999999559e+00	1.327000000000000171e+02	1.328220000000000027e+02	1.347140866634074428e+02
1.549759999999999991e+02	1.457699999999999996e+01	1.445999999999999943e+02	1.444320000000000164e+02	1.284055664170647901e+02
1.550970000000000084e+02	2.531400000000000006e+01	1.584000000000000057e+02	1.578700000000000045e+02	1.851136306587926299e+02
1.552139999999999986e+02	3.599399999999999977e+01	1.701999999999999886e+02	1.694890000000000043e+02	1.752114663939187267e+02
1.550629999999999882e+02	4.663000000000000256e+01	1.812999999999999829e+02	1.802439999999999998e+02	1.771423831682128025e+02
1.548750000000000000e+02	5.692399999999999949e+01	1.910000000000000000e+02	1.899609999999999843e+02	1.754237123949268096e+02
1.547079999999999984e+02	6.703300000000000125e+01	1.998000000000000114e+02	1.989579999999999984e+02	1.747225494630193623e+02
1.746100000000000136e+02	4.613999999999999879e+00	1.005999999999999943e+02	1.003670000000000044e+02	9.725106042492880931e+01
1.747510000000000048e+02	1.270800000000000018e+01	1.180000000000000000e+02	1.184669999999999987e+02	1.175883194593701830e+02
1.749950000000000045e+02	1.972200000000000131e+01	1.292000000000000171e+02	1.294609999999999843e+02	1.360617216916532470e+02
1.751479999999999961e+02	2.645200000000000173e+01	1.383000000000000114e+02	1.384559999999999889e+02	1.306199765046362131e+02
1.750039999999999907e+02	3.379599999999999937e+01	1.476000000000000227e+02	1.474650000000000034e+02	1.376407274800958760e+02
1.752179999999999893e+02	4.128399999999999892e+01	1.559000000000000057e+02	1.555100000000000193e+02	1.477601168064986155e+02
1.750989999999999895e+02	4.814600000000000080e+01	1.630999999999999943e+02	1.626550000000000011e+02	1.757472740745226361e+02
1.749350000000000023e+02	5.505799999999999983e+01	1.703000000000000114e+02	1.695049999999999955e+02	1.641195080037286402e+02
1.748340000000000032e+02	6.163900000000000290e+01	1.764000000000000057e+02	1.756860000000000070e+02	1.825272054069418743e+02
1.750000000000000000e+02	6.837000000000000455e+01	1.822999999999999829e+02	1.815349999999999966e+02	1.736397954550720328e+02
1.118269999999999982e+02	5.610000000000000542e-01	1.842699999999999818e+02	1.839919999999999902e+02	1.907857705879457342e+02
1.116550000000000011e+02	5.560000000000000497e-01	1.847600000000000193e+02	1.842280000000000086e+02	1.842723274915365721e+02
1.112549999999999955e+02	5.510000000000000453e-01	1.847500000000000000e+02	1.847810000000000059e+02	1.829937849552052000e+02
1.109830000000000041e+02	5.460000000000000409e-01	1.851200000000000045e+02	1.851549999999999727e+02	1.804731665295892071e+02
1.117620000000000005e+02	1.164400000000000013e+01	1.968100000000000023e+02	1.957330000000000041e+02	2.046933663942560031e+02
1.113629999999999995e+02	1.164100000000000001e+01	1.967899999999999920e+02	1.962419999999999902e+02	1.986551444996640043e+02
1.112150000000000034e+02	1.163499999999999979e+01	1.975399999999999920e+02	1.964259999999999877e+02	1.986752112036072901e+02
1.109849999999999994e+02	1.163000000000000078e+01	1.975800000000000125e+02	1.967160000000000082e+02	2.006655834892189887e+02
1.117680000000000007e+02	2.269800000000000040e+01	2.070399999999999920e+02	2.062700000000000102e+02	2.160072412957031247e+02
1.116880000000000024e+02	2.269300000000000139e+01	2.076200000000000045e+02	2.063609999999999900e+02	2.115180688318021112e+02
1.113010000000000019e+02	2.268799999999999883e+01	2.077500000000000000e+02	2.068220000000000027e+02	2.271511072878125788e+02
1.111730000000000018e+02	2.268199999999999861e+01	2.084600000000000080e+02	2.069699999999999989e+02	2.200216161128779220e+02
1.116129999999999995e+02	3.411899999999999977e+01	2.168100000000000023e+02	2.165529999999999973e+02	2.284779292654273775e+02
1.114719999999999942e+02	3.411699999999999733e+01	2.177900000000000205e+02	2.167119999999999891e+02	2.319241686062794088e+02
1.112309999999999945e+02	3.411200000000000188e+01	2.176099999999999852e+02	2.169809999999999945e+02	2.138646670643629193e+02
1.109969999999999999e+02	3.410900000000000176e+01	2.179599999999999795e+02	2.172439999999999998e+02	2.314667703636316958e+02
1.115079999999999956e+02	4.493900000000000006e+01	2.256899999999999977e+02	2.256839999999999975e+02	2.293523502645714416e+02
1.113469999999999942e+02	4.493200000000000216e+01	2.260200000000000102e+02	2.258530000000000086e+02	2.343380276796685280e+02
1.111009999999999991e+02	4.492600000000000193e+01	2.262400000000000091e+02	2.261150000000000091e+02	2.393671083727334405e+02
1.108629999999999995e+02	4.492000000000000171e+01	2.266700000000000159e+02	2.263680000000000234e+02	2.109545555470882334e+02
1.114330000000000069e+02	5.674399999999999977e+01	2.349399999999999977e+02	2.351200000000000045e+02	2.362545007617423494e+02
1.111809999999999974e+02	5.674000000000000199e+01	2.351699999999999875e+02	2.353790000000000191e+02	2.211642355157975430e+02
1.109629999999999939e+02	5.673499999999999943e+01	2.354199999999999875e+02	2.356009999999999991e+02	2.315583263948276738e+02
1.107450000000000045e+02	5.672599999999999909e+01	2.355399999999999920e+02	2.358189999999999884e+02	2.376501337317927778e+02
1.112180000000000035e+02	6.863500000000000512e+01	2.432500000000000000e+02	2.443580000000000041e+02	2.419576829045387001e+02
1.111039999999999992e+02	6.863899999999999579e+01	2.436800000000000068e+02	2.444739999999999895e+02	2.639934768364178694e+02
1.108940000000000055e+02	6.864700000000000557e+01	2.438100000000000023e+02	2.446889999999999930e+02	2.615200335649004160e+02
1.106310000000000002e+02	6.865900000000000603e+01	2.440499999999999829e+02	2.449600000000000080e+02	2.674707104197254353e+02
1.353689999999999998e+02	7.780000000000000249e-01	1.513599999999999852e+02	1.504389999999999930e+02	1.448661945456220224e+02
1.350540000000000020e+02	7.720000000000000195e-01	1.518100000000000023e+02	1.508909999999999911e+02	1.497420782170001701e+02
1.346630000000000109e+02	7.610000000000000098e-01	1.520300000000000011e+02	1.514470000000000027e+02	1.525943769518360682e+02
1.343830000000000098e+02	7.449999999999999956e-01	1.524499999999999886e+02	1.518319999999999936e+02	1.482400507744550282e+02
1.353950000000000102e+02	1.171799999999999997e+01	1.664300000000000068e+02	1.651150000000000091e+02	1.403707381485857582e+02
1.350720000000000027e+02	1.171499999999999986e+01	1.668700000000000045e+02	1.655280000000000200e+02	1.662137717072840530e+02
1.347239999999999895e+02	1.170899999999999963e+01	1.670800000000000125e+02	1.659710000000000036e+02	1.624634682852978074e+02
1.344329999999999927e+02	1.169400000000000084e+01	1.675500000000000114e+02	1.663290000000000077e+02	1.803010801261887650e+02
1.352549999999999955e+02	2.296399999999999864e+01	1.795099999999999909e+02	1.780730000000000075e+02	1.701799847441794213e+02
1.348549999999999898e+02	2.296300000000000097e+01	1.800900000000000034e+02	1.785509999999999877e+02	1.839851433231077920e+02
1.345960000000000036e+02	2.296099999999999852e+01	1.799600000000000080e+02	1.788589999999999804e+02	1.880768952008107249e+02
1.343000000000000114e+02	2.295899999999999963e+01	1.803800000000000239e+02	1.792120000000000175e+02	1.878217306628312429e+02
1.353040000000000020e+02	3.418099999999999739e+01	1.908199999999999932e+02	1.894019999999999868e+02	2.006453471492284848e+02
1.349830000000000041e+02	3.417999999999999972e+01	1.910600000000000023e+02	1.897649999999999864e+02	1.791083246958848463e+02
1.347170000000000130e+02	3.417699999999999960e+01	1.915300000000000011e+02	1.900640000000000214e+02	1.865403622771118819e+02
1.344819999999999993e+02	3.417199999999999704e+01	1.917500000000000000e+02	1.903269999999999982e+02	1.962154198020778608e+02
1.350550000000000068e+02	4.558500000000000085e+01	2.014399999999999977e+02	2.003199999999999932e+02	1.960337336338118064e+02
1.348009999999999877e+02	4.557699999999999818e+01	2.016999999999999886e+02	2.005900000000000034e+02	1.930290626895415471e+02
1.346069999999999993e+02	4.557399999999999807e+01	2.022400000000000091e+02	2.007980000000000018e+02	2.056537357518585623e+02
1.343899999999999864e+02	4.556400000000000006e+01	2.022500000000000000e+02	2.010260000000000105e+02	1.869053748106453270e+02
1.352419999999999902e+02	5.676100000000000279e+01	2.108500000000000227e+02	2.098880000000000052e+02	2.132851441756174893e+02
1.349199999999999875e+02	5.675300000000000011e+01	2.111399999999999864e+02	2.102210000000000036e+02	2.348205869548172871e+02
1.347220000000000084e+02	5.674300000000000210e+01	2.118599999999999852e+02	2.104209999999999923e+02	2.117028743819356578e+02
1.344079999999999870e+02	5.673499999999999943e+01	2.117599999999999909e+02	2.107459999999999809e+02	1.981420523235638882e+02
1.350529999999999973e+02	6.792499999999999716e+01	2.199599999999999795e+02	2.193440000000000225e+02	2.067406805117666408e+02
1.347640000000000100e+02	6.792600000000000193e+01	2.200600000000000023e+02	2.196419999999999959e+02	2.104097082261559706e+02
1.344960000000000093e+02	6.792600000000000193e+01	2.203600000000000136e+02	2.199170000000000016e+02	2.214723865288602269e+02
1.342589999999999861e+02	6.792799999999999727e+01	2.206700000000000159e+02	2.201630000000000109e+02	2.289075185479043455e+02
1.555149999999999864e+02	1.600000000000000089e+00	1.217899999999999920e+02	1.219369999999999976e+02	1.409428889246111396e+02
1.550800000000000125e+02	1.598999999999999977e+00	1.225999999999999943e+02	1.225999999999999943e+02	1.153927621529444565e+02
1.547110000000000127e+02	1.598000000000000087e+00	1.230600000000000023e+02	1.231610000000000014e+02	1.067470644108371260e+02
1.543389999999999986e+02	1.594999999999999973e+00	1.234399999999999977e+02	1.237210000000000036e+02	1.337784095547441154e+02
1.553149999999999977e+02	6.756999999999999673e+00	1.319299999999999784e+02	1.320669999999999789e+02	1.171858742752627904e+02
1.548779999999999859e+02	6.754999999999999893e+00	1.326299999999999955e+02	1.326469999999999914e+02	1.354661068470178122e+02
1.545649999999999977e+02	6.753999999999999559e+00	1.329399999999999977e+02	1.330620000000000118e+02	1.486753669391642347e+02
1.542230000000000132e+02	6.756999999999999673e+00	1.331800000000000068e+02	1.335229999999999961e+02	1.196239298693058259e+02
1.554840000000000089e+02	1.457699999999999996e+01	1.439900000000000091e+02	1.438260000000000218e+02	1.586900161421962707e+02
1.551320000000000050e+02	1.457600000000000051e+01	1.444400000000000261e+02	1.442450000000000045e+02	1.326352623838073157e+02
1.547969999999999970e+02	1.457499999999999929e+01	1.448700000000000045e+02	1.446440000000000055e+02	1.537027378312874646e+02
1.544910000000000139e+02	1.457900000000000063e+01	1.451999999999999886e+02	1.450150000000000148e+02	1.540792153543024767e+02
1.555949999999999989e+02	2.531599999999999895e+01	1.579299999999999784e+02	1.573269999999999982e+02	1.551112768382575950e+02
1.552390000000000043e+02	2.531400000000000006e+01	1.582899999999999920e+02	1.577139999999999986e+02	1.611164962031463688e+02
1.549660000000000082e+02	2.530999999999999872e+01	1.586700000000000159e+02	1.580090000000000146e+02	1.599102918281046755e+02
1.545860000000000127e+02	2.531800000000000139e+01	1.588900000000000148e+02	1.584369999999999834e+02	1.538107656655531912e+02
1.557239999999999895e+02	3.600099999999999767e+01	1.695200000000000102e+02	1.689650000000000034e+02	1.715585782011905849e+02
1.554019999999999868e+02	3.600099999999999767e+01	1.699600000000000080e+02	1.693000000000000114e+02	1.728861682010488607e+02
1.549759999999999991e+02	3.599699999999999989e+01	1.705600000000000023e+02	1.697400000000000091e+02	1.783976487449874924e+02
1.547549999999999955e+02	3.597800000000000153e+01	1.709300000000000068e+02	1.699509999999999934e+02	1.570421681620751997e+02
1.555629999999999882e+02	4.663700000000000045e+01	1.807999999999999829e+02	1.797479999999999905e+02	1.662917135150343029e+02
1.552280000000000086e+02	4.663100000000000023e+01	1.809399999999999977e+02	1.800789999999999793e+02	1.710747519757455848e+02
1.548899999999999864e+02	4.662599999999999767e+01	1.814799999999999898e+02	1.804149999999999920e+02	1.616960178956140908e+02
1.545699999999999932e+02	4.662599999999999767e+01	1.818500000000000227e+02	1.807379999999999995e+02	1.770315520885483807e+02
1.554190000000000111e+02	5.692999999999999972e+01	1.905999999999999943e+02	1.894319999999999879e+02	1.909862842675716479e+02
1.549799999999999898e+02	5.692699999999999960e+01	1.907899999999999920e+02	1.898600000000000136e+02	1.922686687429554127e+02
1.546810000000000116e+02	5.692099999999999937e+01	1.911799999999999784e+02	1.901490000000000009e+02	1.961624724442418994e+02
1.544199999999999875e+02	5.691899999999999693e+01	1.915399999999999920e+02	1.904039999999999964e+02	1.976055537390249697e+02
1.551510000000000105e+02	6.702700000000000102e+01	1.994600000000000080e+02	1.985260000000000105e+02	2.062155793884506636e+02
1.548839999999999861e+02	6.702800000000000580e+01	1.994199999999999875e+02	1.987839999999999918e+02	2.007234216943818694e+02
1.545639999999999930e+02	6.703499999999999659e+01	2.001299999999999955e+02	1.990979999999999848e+02	2.057108263397360588e+02
1.542340000000000089e+02	6.704300000000000637e+01	2.003700000000000045e+02	1.994239999999999782e+02	2.135828106862479672e+02
1.641510000000000105e+02	1.657000000000000028e+00	2.141000000000000014e+01	2.143240000000000123e+01	1.082930569648280255e+02
1.752259999999999991e+02	4.615999999999999659e+00	9.976999999999999602e+01	9.942270000000000607e+01	1.187190062387465872e+02
1.747849999999999966e+02	4.615999999999999659e+00	1.004300000000000068e+02	1.001029999999999944e+02	9.744850136553642983e+01
1.744070000000000107e+02	4.615000000000000213e+00	1.010699999999999932e+02	1.006810000000000116e+02	1.014548704880515118e+02
1.740209999999999866e+02	4.615999999999999659e+00	1.012900000000000063e+02	1.012750000000000057e+02	1.038377867578554969e+02
1.753600000000000136e+02	1.271000000000000085e+01	1.173599999999999994e+02	1.177789999999999964e+02	1.171638736490210704e+02
1.750200000000000102e+02	1.270800000000000018e+01	1.176899999999999977e+02	1.181610000000000014e+02	1.233399821311309381e+02
1.745339999999999918e+02	1.270500000000000007e+01	1.181799999999999926e+02	1.187079999999999984e+02	1.224390731369677781e+02
1.740879999999999939e+02	1.271199999999999974e+01	1.186200000000000045e+02	1.192289999999999992e+02	1.255489920290876995e+02
1.756529999999999916e+02	1.972400000000000020e+01	1.283199999999999932e+02	1.287880000000000109e+02	1.233027196854429519e+02
1.751779999999999973e+02	1.972200000000000131e+01	1.290100000000000193e+02	1.292729999999999961e+02	1.316966424744464064e+02
1.747930000000000064e+02	1.971999999999999886e+01	1.295699999999999932e+02	1.296670000000000016e+02	1.267024071782818311e+02
1.743569999999999993e+02	1.972400000000000020e+01	1.298000000000000114e+02	1.301219999999999857e+02	1.289934327359201518e+02
1.757189999999999941e+02	2.645700000000000074e+01	1.377199999999999989e+02	1.379070000000000107e+02	1.579930200323194072e+02
1.753799999999999955e+02	2.645499999999999829e+01	1.381100000000000136e+02	1.382340000000000089e+02	1.392940603446385239e+02
1.749240000000000066e+02	2.644999999999999929e+01	1.386100000000000136e+02	1.386709999999999923e+02	1.466990902353378488e+02
1.745699999999999932e+02	2.644600000000000151e+01	1.387899999999999920e+02	1.390120000000000005e+02	1.481681612062081683e+02
1.755579999999999927e+02	3.380100000000000193e+01	1.470099999999999909e+02	1.469519999999999982e+02	1.467220368751793558e+02
1.751630000000000109e+02	3.379599999999999937e+01	1.474300000000000068e+02	1.473160000000000025e+02	1.409615940516183343e+02
1.748129999999999882e+02	3.379200000000000159e+01	1.477299999999999898e+02	1.476389999999999816e+02	1.635648614945150996e+02
1.744830000000000041e+02	3.379399999999999693e+01	1.482700000000000102e+02	1.479509999999999934e+02	1.475992380801361037e+02
1.758199999999999932e+02	4.129099999999999682e+01	1.552199999999999989e+02	1.549710000000000036e+02	1.630309625965792861e+02
1.753379999999999939e+02	4.128799999999999670e+01	1.557300000000000182e+02	1.554050000000000011e+02	1.716872192914889865e+02
1.750610000000000070e+02	4.128499999999999659e+01	1.560799999999999841e+02	1.556539999999999964e+02	1.526882280374574918e+02
1.746539999999999964e+02	4.127600000000000335e+01	1.565300000000000011e+02	1.560159999999999911e+02	1.519747501616936916e+02
1.757050000000000125e+02	4.814800000000000324e+01	1.625999999999999943e+02	1.621170000000000186e+02	1.519939777017214340e+02
1.753050000000000068e+02	4.814900000000000091e+01	1.629099999999999966e+02	1.624740000000000180e+02	1.582207898377106403e+02
1.747880000000000109e+02	4.814200000000000301e+01	1.633199999999999932e+02	1.629299999999999784e+02	1.550577375859394067e+02
1.745960000000000036e+02	4.814500000000000313e+01	1.634799999999999898e+02	1.631049999999999898e+02	1.542108579811318521e+02
1.755469999999999970e+02	5.506099999999999994e+01	1.695900000000000034e+02	1.689689999999999941e+02	1.626637518008860752e+02
1.750509999999999877e+02	5.506199999999999761e+01	1.699300000000000068e+02	1.694060000000000059e+02	1.753051689054111648e+02
1.747040000000000077e+02	5.505799999999999983e+01	1.706399999999999864e+02	1.697079999999999984e+02	1.653107501774024115e+02
1.744389999999999930e+02	5.505100000000000193e+01	1.709099999999999966e+02	1.699360000000000070e+02	1.612888629554619229e+02
1.753859999999999957e+02	6.163700000000000045e+01	1.758299999999999841e+02	1.752040000000000077e+02	1.945008538142841417e+02
1.750169999999999959e+02	6.164200000000000301e+01	1.763599999999999852e+02	1.755289999999999964e+02	1.927724603790930473e+02
1.746589999999999918e+02	6.163700000000000045e+01	1.765699999999999932e+02	1.758369999999999891e+02	1.663755223666802578e+02
1.742729999999999961e+02	6.164099999999999824e+01	1.770200000000000102e+02	1.761790000000000020e+02	1.665284284407584039e+02
1.754850000000000136e+02	6.836299999999999955e+01	1.819499999999999886e+02	1.811099999999999852e+02	1.828494692270801636e+02
1.752040000000000077e+02	6.835999999999999943e+01	1.822400000000000091e+02	1.813500000000000227e+02	1.803314620524867280e+02
1.748040000000000020e+02	6.837500000000000000e+01	1.823500000000000227e+02	1.817079999999999984e+02	1.776096228864410307e+02
1.745060000000000002e+02	6.837900000000000489e+01	1.826399999999999864e+02	1.819699999999999989e+02	1.820156986485842197e+02
9.676000000000000512e+01	1.013249999999999984e-01	1.025500000000000078e+01	2.038170000000000073e+02	2.006472697877659925e+02
1.885999999999999943e+02	4.549999999999999822e+00	9.109999999999999432e+01	7.685370000000000346e+01	8.192991677891257041e+01
1.885999999999999943e+02	4.559999999999999609e+00	9.370000000000000284e+01	7.690389999999999304e+01	9.011588002367625450e+01
1.885999999999999943e+02	4.570000000000000284e+00	9.898000000000000398e+01	7.695539999999999736e+01	1.037861174860553746e+02
1.885999999999999943e+02	5.990000000000000213e+00	9.411999999999999034e+01	8.429059999999999775e+01	1.181200903772019899e+02
1.884000000000000057e+02	5.990000000000000213e+00	9.324000000000000909e+01	8.455469999999999686e+01	8.362772034555544565e+01
1.884000000000000057e+02	5.990000000000000213e+00	9.457999999999999829e+01	8.455469999999999686e+01	1.076222249658641914e+02
1.884000000000000057e+02	5.990000000000000213e+00	9.395000000000000284e+01	8.455469999999999686e+01	1.121069570575622834e+02
1.884000000000000057e+02	7.940000000000000391e+00	9.479000000000000625e+01	9.158589999999999520e+01	9.424078983903278584e+01
1.884000000000000057e+02	7.940000000000000391e+00	9.461999999999999034e+01	9.158589999999999520e+01	1.091038798718143994e+02
1.881999999999999886e+02	1.009999999999999964e+01	9.743000000000000682e+01	9.780209999999999582e+01	1.016626835666299655e+02
1.881999999999999886e+02	1.009999999999999964e+01	9.712999999999999545e+01	9.780209999999999582e+01	1.012233131671758599e+02
1.881999999999999886e+02	1.009999999999999964e+01	9.814000000000000057e+01	9.780209999999999582e+01	9.895762927115340801e+01
1.879000000000000057e+02	1.108000000000000007e+01	1.002999999999999972e+02	1.004879999999999995e+02	9.534819995462501652e+01
1.879000000000000057e+02	1.108000000000000007e+01	9.906000000000000227e+01	1.004879999999999995e+02	1.242682673480764635e+02
1.885999999999999943e+02	1.491999999999999993e+01	1.060000000000000000e+02	1.077920000000000016e+02	1.032839371133755577e+02
1.885999999999999943e+02	1.491999999999999993e+01	1.040000000000000000e+02	1.077920000000000016e+02	1.149488507333084755e+02
1.885999999999999943e+02	1.953000000000000114e+01	1.136000000000000085e+02	1.158100000000000023e+02	1.343267181087401241e+02
1.885999999999999943e+02	1.953000000000000114e+01	1.117999999999999972e+02	1.158100000000000023e+02	1.170270783157791215e+02
1.889000000000000057e+02	1.962000000000000099e+01	1.126000000000000085e+02	1.156790000000000020e+02	1.153599987283422053e+02
1.889000000000000057e+02	1.962000000000000099e+01	1.112999999999999972e+02	1.156790000000000020e+02	1.157820745774590989e+02
1.879000000000000057e+02	2.069999999999999929e+01	1.155000000000000000e+02	1.182990000000000066e+02	1.268553866975901911e+02
1.879000000000000057e+02	2.089000000000000057e+01	1.145000000000000000e+02	1.185919999999999987e+02	1.061087664586442258e+02
1.879000000000000057e+02	2.089000000000000057e+01	1.137999999999999972e+02	1.185919999999999987e+02	1.161168925320482259e+02
1.884000000000000057e+02	2.962999999999999901e+01	1.275000000000000000e+02	1.303479999999999848e+02	1.260105703442832095e+02
1.884000000000000057e+02	2.973000000000000043e+01	1.267000000000000028e+02	1.304759999999999991e+02	1.311154364780831827e+02
1.884000000000000057e+02	2.973000000000000043e+01	1.275000000000000000e+02	1.304759999999999991e+02	1.334959224009867853e+02
1.881999999999999886e+02	3.932999999999999829e+01	1.381999999999999886e+02	1.420699999999999932e+02	1.391765769207653136e+02
1.881999999999999886e+02	3.953999999999999915e+01	1.380000000000000000e+02	1.423040000000000020e+02	1.407642613131825158e+02
1.879000000000000057e+02	4.718999999999999773e+01	1.474000000000000057e+02	1.507280000000000086e+02	1.747239596260593260e+02
1.879000000000000057e+02	4.718999999999999773e+01	1.455000000000000000e+02	1.507280000000000086e+02	1.441020190942617205e+02
1.879000000000000057e+02	4.914000000000000057e+01	1.491000000000000227e+02	1.527159999999999798e+02	1.482133605881093672e+02
1.829000000000000057e+02	3.689999999999999947e+00	8.747000000000001307e+01	8.171779999999999688e+01	1.083816443525431765e+02
1.829000000000000057e+02	3.689999999999999947e+00	8.856000000000000227e+01	8.171779999999999688e+01	1.150201821234044814e+02
1.829000000000000057e+02	7.459999999999999964e+00	9.665999999999999659e+01	9.707219999999999516e+01	1.021434436285140066e+02
1.831999999999999886e+02	7.459999999999999964e+00	9.862000000000000455e+01	9.667960000000000775e+01	1.047190700311909524e+02
1.835000000000000000e+02	1.000999999999999979e+01	1.050999999999999943e+02	1.029240000000000066e+02	1.093005792503628726e+02
1.835000000000000000e+02	1.000999999999999979e+01	1.022999999999999972e+02	1.029240000000000066e+02	1.111996310489387696e+02
1.835000000000000000e+02	1.491999999999999993e+01	1.125000000000000000e+02	1.129420000000000073e+02	1.204614411346291689e+02
1.835000000000000000e+02	1.491999999999999993e+01	1.117999999999999972e+02	1.129420000000000073e+02	1.075186589721611057e+02
1.836999999999999886e+02	1.971999999999999886e+01	1.189000000000000057e+02	1.207519999999999953e+02	1.374555935827085591e+02
1.836999999999999886e+02	1.971999999999999886e+01	1.200999999999999943e+02	1.207519999999999953e+02	1.128430904157150678e+02
1.835000000000000000e+02	2.953000000000000114e+01	1.317000000000000171e+02	1.345379999999999825e+02	1.471006500659171365e+02
1.835000000000000000e+02	2.953000000000000114e+01	1.333000000000000114e+02	1.345379999999999825e+02	1.445663482474609225e+02
1.835000000000000000e+02	3.972999999999999687e+01	1.426999999999999886e+02	1.464930000000000234e+02	1.618313435389279960e+02
1.831999999999999886e+02	4.914000000000000057e+01	1.526999999999999886e+02	1.566119999999999948e+02	1.606331830835741812e+02
1.831999999999999886e+02	4.914000000000000057e+01	1.515000000000000000e+02	1.566119999999999948e+02	1.563582943836203754e+02
1.764000000000000057e+02	3.830000000000000071e+00	1.004000000000000057e+02	9.480760000000000787e+01	1.095197470000447453e+02
1.764000000000000057e+02	3.830000000000000071e+00	9.940000000000000568e+01	9.480760000000000787e+01	8.825973442500136912e+01
1.766999999999999886e+02	5.009999999999999787e+00	1.025999999999999943e+02	9.841089999999999804e+01	9.508340959732448994e+01
1.766999999999999886e+02	5.009999999999999787e+00	1.020000000000000000e+02	9.841089999999999804e+01	1.055610071521519018e+02
1.770000000000000000e+02	6.240000000000000213e+00	1.053999999999999915e+02	1.016230000000000047e+02	1.348805605249225721e+02
1.775000000000000000e+02	7.950000000000000178e+00	1.088999999999999915e+02	1.053790000000000049e+02	1.069043340975097891e+02
1.766999999999999886e+02	7.950000000000000178e+00	1.080000000000000000e+02	1.064090000000000060e+02	9.424995171032095698e+01
1.770000000000000000e+02	1.006000000000000050e+01	1.126000000000000085e+02	1.107349999999999994e+02	1.203997112770141342e+02
1.775000000000000000e+02	1.167999999999999972e+01	1.164000000000000057e+02	1.134119999999999919e+02	1.173313470803123408e+02
1.775000000000000000e+02	1.167999999999999972e+01	1.152999999999999972e+02	1.134119999999999919e+02	1.112442976238325372e+02
1.765000000000000000e+02	1.971999999999999886e+01	1.272999999999999972e+02	1.279170000000000016e+02	1.347451825290219460e+02
1.765000000000000000e+02	1.971999999999999886e+01	1.290000000000000000e+02	1.279170000000000016e+02	1.220057232771205378e+02
1.765000000000000000e+02	2.953000000000000114e+01	1.405999999999999943e+02	1.410039999999999907e+02	1.370193998953723451e+02
1.766999999999999886e+02	3.918999999999999773e+01	1.501000000000000227e+02	1.519199999999999875e+02	1.500588259959626214e+02
1.766999999999999886e+02	3.918999999999999773e+01	1.491000000000000227e+02	1.519199999999999875e+02	1.527390848527457479e+02
1.770000000000000000e+02	4.879999999999999716e+01	1.580000000000000000e+02	1.616189999999999998e+02	1.616735285179019002e+02
1.770000000000000000e+02	4.879999999999999716e+01	1.590000000000000000e+02	1.616189999999999998e+02	1.533099181759707221e+02
1.650000000000000000e+02	3.589999999999999858e+00	1.247000000000000028e+02	1.121439999999999912e+02	1.269095704221968077e+02
1.655000000000000000e+02	3.589999999999999858e+00	1.250000000000000000e+02	1.113920000000000101e+02	1.016701177514516132e+02
1.641999999999999886e+02	5.200000000000000178e+00	1.260999999999999943e+02	1.170100000000000051e+02	1.199923888428154157e+02
1.650000000000000000e+02	5.400000000000000355e+00	1.267999999999999972e+02	1.163259999999999934e+02	1.088021350917767904e+02
1.653000000000000114e+02	7.950000000000000178e+00	1.313000000000000114e+02	1.211109999999999900e+02	1.219249318966666209e+02
1.646999999999999886e+02	9.710000000000000853e+00	1.342000000000000171e+02	1.250989999999999895e+02	1.249997791899328803e+02
1.660000000000000000e+02	1.481000000000000050e+01	1.416999999999999886e+02	1.318900000000000148e+02	1.205011127353912173e+02
1.646999999999999886e+02	2.035999999999999943e+01	1.474000000000000057e+02	1.412340000000000089e+02	1.523683938273133265e+02
1.646999999999999886e+02	2.035999999999999943e+01	1.485000000000000000e+02	1.412340000000000089e+02	1.348472056412124402e+02
1.661999999999999886e+02	2.932999999999999829e+01	1.572000000000000171e+02	1.508569999999999993e+02	1.575056596331476442e+02
1.646999999999999886e+02	2.953000000000000114e+01	1.572000000000000171e+02	1.526140000000000043e+02	1.594986420961166971e+02
1.641999999999999886e+02	3.914000000000000057e+01	1.673000000000000114e+02	1.636769999999999925e+02	1.759264218233810766e+02
1.641999999999999886e+02	4.914000000000000057e+01	1.753000000000000114e+02	1.736989999999999839e+02	1.762636425444709118e+02
1.641999999999999886e+02	4.914000000000000057e+01	1.756999999999999886e+02	1.736989999999999839e+02	2.054439938914734114e+02
1.526999999999999886e+02	1.600000000000000089e+00	1.446999999999999886e+02	1.262139999999999986e+02	1.112843944251977177e+02
1.526999999999999886e+02	3.069999999999999840e+00	1.481999999999999886e+02	1.290840000000000032e+02	1.246643473445674886e+02
1.521999999999999886e+02	7.360000000000000320e+00	1.535000000000000000e+02	1.371979999999999791e+02	1.376579973101171959e+02
1.521999999999999886e+02	7.360000000000000320e+00	1.567000000000000171e+02	1.371979999999999791e+02	1.486774213931556403e+02
1.526999999999999886e+02	9.910000000000000142e+00	1.569000000000000057e+02	1.405060000000000002e+02	1.416677697915706631e+02
1.518000000000000114e+02	1.059999999999999964e+01	1.585999999999999943e+02	1.426699999999999875e+02	1.283384244172054025e+02
1.529000000000000057e+02	1.481000000000000050e+01	1.640999999999999943e+02	1.472369999999999948e+02	1.635091331062906761e+02
1.531999999999999886e+02	1.481000000000000050e+01	1.640000000000000000e+02	1.468770000000000095e+02	1.537298717262998196e+02
1.526999999999999886e+02	1.971999999999999886e+01	1.710999999999999943e+02	1.538309999999999889e+02	1.499348229034484348e+02
1.529000000000000057e+02	2.912999999999999901e+01	1.806000000000000227e+02	1.645969999999999800e+02	1.520869060577899745e+02
1.526999999999999886e+02	2.932999999999999829e+01	1.781999999999999886e+02	1.650339999999999918e+02	1.765896151464006039e+02
1.529000000000000057e+02	3.914000000000000057e+01	1.850000000000000000e+02	1.751179999999999950e+02	1.690021193381780051e+02
1.529000000000000057e+02	3.914000000000000057e+01	1.879000000000000057e+02	1.751179999999999950e+02	1.580953045559296299e+02
1.526999999999999886e+02	3.924000000000000199e+01	1.847999999999999829e+02	1.754269999999999925e+02	1.614940600171387644e+02
1.526999999999999886e+02	4.914000000000000057e+01	1.943000000000000114e+02	1.850030000000000143e+02	1.879030795411674717e+02
1.410000000000000000e+02	1.469999999999999973e+00	1.680999999999999943e+02	1.432880000000000109e+02	1.295780346104980936e+02
1.410000000000000000e+02	3.359999999999999876e+00	1.700999999999999943e+02	1.462580000000000098e+02	1.439058779670830006e+02
1.410000000000000000e+02	3.359999999999999876e+00	1.705000000000000000e+02	1.462580000000000098e+02	1.416880708217510403e+02
1.410000000000000000e+02	5.099999999999999645e+00	1.729000000000000057e+02	1.488629999999999995e+02	1.409957523308981706e+02
1.408000000000000114e+02	5.990000000000000213e+00	1.735000000000000000e+02	1.504250000000000114e+02	1.602117930774407739e+02
1.399000000000000057e+02	7.940000000000000391e+00	1.774000000000000057e+02	1.543559999999999945e+02	1.565102649343882319e+02
1.393000000000000114e+02	7.940000000000000391e+00	1.740000000000000000e+02	1.551550000000000011e+02	1.438752568160732608e+02
1.395000000000000000e+02	9.320000000000000284e+00	1.774000000000000057e+02	1.567340000000000089e+02	1.447881014930061383e+02
1.395000000000000000e+02	1.207000000000000028e+01	1.807999999999999829e+02	1.602789999999999964e+02	1.469573221993005632e+02
1.395000000000000000e+02	1.481000000000000050e+01	1.831999999999999886e+02	1.636599999999999966e+02	1.687813415612351946e+02
1.403000000000000114e+02	1.962000000000000099e+01	1.884000000000000057e+02	1.683310000000000173e+02	1.786798887522361099e+02
1.400000000000000000e+02	1.971999999999999886e+01	1.870999999999999943e+02	1.688060000000000116e+02	1.642484913277424141e+02
1.400000000000000000e+02	2.971999999999999886e+01	1.967000000000000171e+02	1.796080000000000041e+02	1.900910878785439309e+02
1.400000000000000000e+02	3.972999999999999687e+01	2.011999999999999886e+02	1.895000000000000000e+02	1.979939911942158801e+02
1.400000000000000000e+02	4.914000000000000057e+01	2.104000000000000057e+02	1.981940000000000168e+02	2.096028671655938354e+02
1.177999999999999972e+02	4.600000000000000200e-01	1.968000000000000114e+02	1.754310000000000116e+02	1.881338177709388333e+02
1.190000000000000000e+02	6.969999999999999751e+00	2.010000000000000000e+02	1.812839999999999918e+02	1.774335863975879306e+02
1.197000000000000028e+02	1.148000000000000043e+01	2.003000000000000114e+02	1.852760000000000105e+02	1.565244221806430573e+02
1.197000000000000028e+02	1.148000000000000043e+01	2.054000000000000057e+02	1.852760000000000105e+02	1.664886825079463222e+02
1.195000000000000000e+02	1.491999999999999993e+01	2.068000000000000114e+02	1.891419999999999959e+02	1.861486506454848211e+02
1.180000000000000000e+02	1.971999999999999886e+01	2.117999999999999829e+02	1.958439999999999941e+02	1.897381916315713966e+02
1.175999999999999943e+02	2.953000000000000114e+01	2.172000000000000171e+02	2.055750000000000171e+02	1.962225483231338501e+02
1.175999999999999943e+02	3.924000000000000199e+01	2.233999999999999773e+02	2.141690000000000111e+02	1.924359143037049762e+02
1.199000000000000057e+02	3.942999999999999972e+01	2.233999999999999773e+02	2.117360000000000184e+02	2.122282868620076499e+02
1.199000000000000057e+02	4.875000000000000000e+01	2.290999999999999943e+02	2.196639999999999873e+02	2.316149940385321031e+02
1.199000000000000057e+02	4.895000000000000284e+01	2.265000000000000000e+02	2.198299999999999841e+02	2.182271023670538739e+02
1.089000000000000057e+02	2.950000000000000178e+00	2.088000000000000114e+02	1.906119999999999948e+02	1.876305436282026164e+02
1.089000000000000057e+02	2.950000000000000178e+00	2.097999999999999829e+02	1.906119999999999948e+02	2.062476094755416511e+02
1.094000000000000057e+02	4.700000000000000178e+00	2.090000000000000000e+02	1.917680000000000007e+02	1.889265174783781731e+02
1.094000000000000057e+02	4.700000000000000178e+00	2.111999999999999886e+02	1.917680000000000007e+02	1.906035623003878072e+02
1.092000000000000028e+02	9.810000000000000497e+00	2.135000000000000000e+02	1.972090000000000032e+02	2.018270666663209170e+02
1.099000000000000057e+02	1.481000000000000050e+01	2.152999999999999829e+02	2.011810000000000116e+02	1.901055617244018947e+02
1.099000000000000057e+02	1.481000000000000050e+01	2.167999999999999829e+02	2.011810000000000116e+02	2.004420759388947886e+02
1.092000000000000028e+02	1.971999999999999886e+01	2.202999999999999829e+02	2.066379999999999768e+02	2.192429798373825349e+02
1.092000000000000028e+02	1.971999999999999886e+01	2.200000000000000000e+02	2.066379999999999768e+02	2.103421327362909778e+02
1.094000000000000057e+02	2.953000000000000114e+01	2.255999999999999943e+02	2.151359999999999957e+02	2.169293218817949196e+02
1.094000000000000057e+02	3.893999999999999773e+01	2.300000000000000000e+02	2.230800000000000125e+02	2.093620252117182758e+02
1.094000000000000057e+02	3.914000000000000057e+01	2.300000000000000000e+02	2.232450000000000045e+02	2.355896173120212325e+02
1.094000000000000057e+02	4.972999999999999687e+01	2.378000000000000114e+02	2.317710000000000150e+02	2.290435479264515948e+02
1.094000000000000057e+02	4.992999999999999972e+01	2.350000000000000000e+02	2.319279999999999973e+02	2.226915747132796639e+02
9.893000000000000682e+01	3.044000000000000128e+01	2.676100000000000136e+02	2.275459999999999923e+02	2.351584749289050364e+02
9.898999999999999488e+01	2.030999999999999872e+01	2.254800000000000182e+02	2.191550000000000011e+02	2.220819555119450399e+02
9.901000000000000512e+01	1.013000000000000078e+01	2.165199999999999818e+02	2.102740000000000009e+02	2.072405796672886993e+02
9.901999999999999602e+01	5.120000000000000107e+00	2.117100000000000080e+02	2.056779999999999973e+02	1.846247840841282937e+02
9.901999999999999602e+01	2.560000000000000053e+00	2.091600000000000250e+02	2.032680000000000007e+02	1.832965378968653454e+02
9.903000000000000114e+01	1.600000000000000033e-01	2.069000000000000057e+02	2.009489999999999839e+02	2.034233473438746387e+02
1.254699999999999989e+02	5.067000000000000171e+01	2.189899999999999807e+02	2.151999999999999886e+02	2.175567513728561266e+02
1.254899999999999949e+02	4.067999999999999972e+01	2.101200000000000045e+02	2.065310000000000059e+02	2.024227611718302740e+02
1.255499999999999972e+02	3.041000000000000014e+01	2.003300000000000125e+02	1.970459999999999923e+02	1.957230949271676934e+02
1.255300000000000011e+02	2.041000000000000014e+01	1.899099999999999966e+02	1.872270000000000039e+02	1.792067602389044225e+02
1.255400000000000063e+02	1.015000000000000036e+01	1.782400000000000091e+02	1.761430000000000007e+02	1.544194917333982460e+02
1.256099999999999994e+02	5.080000000000000071e+00	1.713799999999999955e+02	1.700649999999999977e+02	1.764904763022337022e+02
1.256200000000000045e+02	2.430000000000000160e+00	1.680300000000000011e+02	1.667419999999999902e+02	1.700879557124125370e+02
1.502299999999999898e+02	5.074000000000000199e+01	1.923799999999999955e+02	1.889929999999999950e+02	1.842826527912967265e+02
1.502500000000000000e+02	4.053999999999999915e+01	1.828400000000000034e+02	1.792820000000000107e+02	1.807216648365009064e+02
1.502800000000000011e+02	3.044000000000000128e+01	1.716699999999999875e+02	1.688780000000000143e+02	1.661556039621193008e+02
1.502800000000000011e+02	2.048000000000000043e+01	1.595399999999999920e+02	1.575550000000000068e+02	1.645294138517439819e+02
1.502800000000000011e+02	1.013000000000000078e+01	1.455999999999999943e+02	1.439110000000000014e+02	1.450398718851145077e+02
1.502899999999999920e+02	5.040000000000000036e+00	1.374000000000000057e+02	1.359750000000000227e+02	1.372468568702341827e+02
1.503000000000000114e+02	2.620000000000000107e+00	1.328799999999999955e+02	1.317240000000000180e+02	1.211209871233670157e+02
1.751299999999999955e+02	5.067000000000000171e+01	1.665200000000000102e+02	1.651160000000000139e+02	1.625071392797001124e+02
1.751399999999999864e+02	4.057999999999999829e+01	1.561899999999999977e+02	1.548329999999999984e+02	1.444200332591123583e+02
1.751699999999999875e+02	3.041000000000000014e+01	1.444300000000000068e+02	1.433329999999999984e+02	1.626449992470083714e+02
1.751500000000000057e+02	2.041000000000000014e+01	1.309200000000000159e+02	1.302969999999999970e+02	1.325137165849451151e+02
1.751599999999999966e+02	1.013000000000000078e+01	1.140599999999999881e+02	1.130879999999999939e+02	1.092958266197518356e+02
1.751500000000000057e+02	5.129999999999999893e+00	1.027600000000000051e+02	1.011090000000000089e+02	1.077047753396352192e+02
1.108679999999999950e+02	2.039999999999999869e-01	1.845999999999999943e+02	1.849369999999999834e+02	1.745048731422853905e+02
1.110019999999999953e+02	1.100000000000000089e+00	1.855900000000000034e+02	1.857389999999999759e+02	1.855719375755771523e+02
1.109710000000000036e+02	2.236000000000000210e+00	1.870000000000000000e+02	1.870219999999999914e+02	1.798508182116862315e+02
1.112019999999999982e+02	3.270000000000000018e+00	1.880600000000000023e+02	1.878220000000000027e+02	1.920111981167229658e+02
1.110240000000000009e+02	4.269000000000000128e+00	1.890300000000000011e+02	1.891299999999999955e+02	1.815604376022894826e+02
1.108970000000000056e+02	5.269000000000000128e+00	1.900999999999999943e+02	1.903559999999999945e+02	1.869021818022175410e+02
1.110379999999999967e+02	6.336999999999999744e+00	1.910399999999999920e+02	1.912820000000000107e+02	1.836892081931926270e+02
1.107180000000000035e+02	7.403999999999999915e+00	1.925500000000000114e+02	1.928070000000000164e+02	1.893344170092468914e+02
1.109519999999999982e+02	8.644999999999999574e+00	1.940900000000000034e+02	1.937669999999999959e+02	1.976740352792366480e+02
1.248059999999999974e+02	7.209999999999999742e-01	1.644099999999999966e+02	1.657039999999999793e+02	1.417417722964753750e+02
1.249849999999999994e+02	1.754999999999999893e+00	1.661999999999999886e+02	1.667820000000000107e+02	1.643544288794194870e+02
1.250589999999999975e+02	2.718999999999999861e+00	1.673900000000000148e+02	1.679019999999999868e+02	1.634886572432933463e+02
1.250340000000000060e+02	3.822000000000000064e+00	1.689699999999999989e+02	1.693149999999999977e+02	1.650098522574609206e+02
1.248670000000000044e+02	4.924000000000000377e+00	1.704099999999999966e+02	1.708990000000000009e+02	1.657693529420079699e+02
1.251959999999999980e+02	5.956999999999999851e+00	1.721299999999999955e+02	1.716959999999999980e+02	1.816304393014610525e+02
1.247279999999999944e+02	7.059999999999999609e+00	1.734399999999999977e+02	1.736459999999999866e+02	1.676644247978247222e+02
1.247840000000000060e+02	8.368999999999999773e+00	1.750999999999999943e+02	1.750999999999999943e+02	1.837234645621883544e+02
1.554799999999999898e+02	1.514000000000000012e+00	1.221099999999999994e+02	1.218029999999999973e+02	1.280308314845443647e+02
1.552510000000000048e+02	2.306000000000000050e+00	1.228499999999999943e+02	1.238329999999999984e+02	1.225569410704822104e+02
1.549530000000000030e+02	2.891000000000000014e+00	1.254699999999999989e+02	1.254619999999999891e+02	1.305547119939087679e+02
1.551920000000000073e+02	3.374000000000000110e+00	1.259399999999999977e+02	1.260689999999999884e+02	1.412967962856549775e+02
1.549689999999999941e+02	4.131999999999999673e+00	1.275199999999999960e+02	1.278410000000000082e+02	1.293891829336064063e+02
1.550339999999999918e+02	4.924000000000000377e+00	1.290800000000000125e+02	1.292169999999999845e+02	1.131630440612303232e+02
1.552849999999999966e+02	5.647999999999999687e+00	1.301799999999999784e+02	1.301750000000000114e+02	1.262601540869363674e+02
1.547259999999999991e+02	6.301999999999999602e+00	1.310900000000000034e+02	1.320759999999999934e+02	1.357285375201274462e+02
1.549950000000000045e+02	7.128999999999999559e+00	1.326400000000000148e+02	1.331229999999999905e+02	1.483928219358288061e+02
1.545980000000000132e+02	7.886999999999999567e+00	1.340300000000000011e+02	1.348979999999999961e+02	1.256953427130527956e+02
1.551670000000000016e+02	8.576000000000000512e+00	1.355099999999999909e+02	1.352750000000000057e+02	1.408790863491168182e+02
1.803360000000000127e+02	3.753000000000000114e+00	8.969000000000001194e+01	8.736829999999999075e+01	9.830484942057590558e+01
1.805089999999999861e+02	4.131999999999999673e+00	9.114999999999999147e+01	8.887659999999999627e+01	9.720954995422869160e+01
1.801320000000000050e+02	4.580000000000000071e+00	9.303000000000000114e+01	9.144469999999999743e+01	9.610140807084903258e+01
1.801719999999999970e+02	5.027000000000000135e+00	9.396000000000000796e+01	9.309640000000000271e+01	1.072925330487521620e+02
1.802549999999999955e+02	5.578000000000000291e+00	9.511999999999999034e+01	9.490859999999999275e+01	9.762113861770319545e+01
1.801390000000000100e+02	6.094999999999999751e+00	9.701000000000000512e+01	9.675469999999999970e+01	1.040091260952687264e+02
1.800579999999999927e+02	6.783999999999999808e+00	9.901000000000000512e+01	9.892929999999999779e+01	1.079824172539927361e+02
1.799890000000000043e+02	7.334999999999999964e+00	1.004899999999999949e+02	1.005579999999999927e+02	1.232435673901370734e+02
1.799050000000000011e+02	8.230999999999999872e+00	1.026100000000000136e+02	1.029950000000000045e+02	9.985422339759696797e+01
1.399199999999999875e+02	5.999799999999999756e+01	2.048799999999999955e+02	2.077549999999999955e+02	2.053817497603090203e+02
1.400699999999999932e+02	5.999799999999999756e+01	2.046999999999999886e+02	2.075999999999999943e+02	1.952288207008150493e+02
1.399499999999999886e+02	5.000099999999999767e+01	1.964500000000000171e+02	1.990190000000000055e+02	1.845072794321801837e+02
1.399699999999999989e+02	5.000099999999999767e+01	1.958300000000000125e+02	1.989980000000000189e+02	2.076072085157934168e+02
1.400000000000000000e+02	4.000399999999999778e+01	1.872999999999999829e+02	1.897610000000000241e+02	1.987893166313399718e+02
1.400099999999999909e+02	4.000399999999999778e+01	1.873700000000000045e+02	1.897500000000000000e+02	1.910112277612483069e+02
1.400900000000000034e+02	3.000600000000000023e+01	1.768700000000000045e+02	1.797989999999999782e+02	1.680947439042987526e+02
1.400000000000000000e+02	3.000600000000000023e+01	1.775999999999999943e+02	1.799010000000000105e+02	1.739907436344107907e+02
1.200799999999999983e+02	1.000399999999999956e+01	1.795600000000000023e+02	1.831859999999999786e+02	1.823259481196012928e+02
1.200100000000000051e+02	1.000399999999999956e+01	1.796500000000000057e+02	1.832779999999999916e+02	1.921392665244371187e+02
1.200799999999999983e+02	1.000399999999999956e+01	1.797400000000000091e+02	1.831859999999999786e+02	1.822124097199462938e+02
1.199000000000000057e+02	2.000199999999999889e+01	1.901599999999999966e+02	1.937709999999999866e+02	1.886368712036208137e+02
1.198900000000000006e+02	2.000199999999999889e+01	1.908000000000000114e+02	1.937830000000000155e+02	1.977700598464417396e+02
1.200400000000000063e+02	2.999899999999999878e+01	1.999600000000000080e+02	2.031350000000000193e+02	2.063818986829547839e+02
1.199099999999999966e+02	2.999899999999999878e+01	2.003199999999999932e+02	2.032879999999999825e+02	2.166001098196505552e+02
1.199399999999999977e+02	4.000399999999999778e+01	2.088700000000000045e+02	2.121899999999999977e+02	2.181627028735789224e+02
1.198599999999999994e+02	4.000399999999999778e+01	2.093299999999999841e+02	2.122810000000000059e+02	1.889072004640833597e+02
1.210100000000000051e+02	5.000099999999999767e+01	2.129900000000000091e+02	2.194939999999999998e+02	2.140392467602144961e+02
1.399000000000000057e+02	2.000199999999999889e+01	1.668600000000000136e+02	1.692470000000000141e+02	1.760697168945002034e+02
1.399300000000000068e+02	2.000199999999999889e+01	1.663199999999999932e+02	1.692110000000000127e+02	1.889659071639999866e+02
1.398899999999999864e+02	1.000399999999999956e+01	1.540499999999999829e+02	1.571230000000000189e+02	1.561294892607302529e+02
1.398899999999999864e+02	1.000399999999999956e+01	1.542000000000000171e+02	1.571230000000000189e+02	1.533674439756498771e+02
1.398899999999999864e+02	1.000399999999999956e+01	1.538499999999999943e+02	1.571230000000000189e+02	1.566004345552245525e+02
1.399199999999999875e+02	4.998999999999999666e+00	1.470900000000000034e+02	1.502040000000000077e+02	1.305675182370169125e+02
1.399000000000000057e+02	4.998999999999999666e+00	1.471899999999999977e+02	1.502319999999999993e+02	1.603216040259461579e+02
1.399499999999999886e+02	2.495999999999999996e+00	1.432400000000000091e+02	1.464240000000000066e+02	1.386287859347003462e+02
1.399499999999999886e+02	2.495999999999999996e+00	1.433899999999999864e+02	1.464240000000000066e+02	1.341463909783994097e+02
1.599300000000000068e+02	2.495999999999999996e+00	1.153299999999999983e+02	1.172009999999999934e+02	1.345351347637521826e+02
1.599399999999999977e+02	2.495999999999999996e+00	1.150799999999999983e+02	1.171859999999999928e+02	1.093087708442629520e+02
1.599000000000000057e+02	2.000199999999999889e+01	1.437700000000000102e+02	1.460349999999999966e+02	1.690235469647052469e+02
1.598899999999999864e+02	2.000199999999999889e+01	1.437400000000000091e+02	1.460460000000000207e+02	1.583468133264275934e+02
1.599600000000000080e+02	2.999899999999999878e+01	1.561700000000000159e+02	1.580439999999999827e+02	1.675037705534921031e+02
1.599799999999999898e+02	2.999899999999999878e+01	1.558199999999999932e+02	1.580229999999999961e+02	1.483823198766900475e+02
1.599799999999999898e+02	1.000399999999999956e+01	1.293100000000000023e+02	1.314800000000000182e+02	1.525859161878060490e+02
1.599799999999999898e+02	1.000399999999999956e+01	1.291599999999999966e+02	1.314800000000000182e+02	1.389365691496780642e+02
1.599799999999999898e+02	4.998999999999999666e+00	1.202899999999999920e+02	1.224869999999999948e+02	1.151672275263534573e+02
1.600099999999999909e+02	4.998999999999999666e+00	1.199400000000000119e+02	1.224449999999999932e+02	1.103108537263119757e+02
1.600399999999999920e+02	2.495999999999999996e+00	1.151800000000000068e+02	1.170330000000000013e+02	1.177307593698787542e+02
1.600000000000000000e+02	2.495999999999999996e+00	1.149300000000000068e+02	1.170940000000000083e+02	1.079112462931064869e+02
1.600000000000000000e+02	4.000399999999999778e+01	1.667400000000000091e+02	1.687359999999999900e+02	1.614289311344936948e+02
1.600000000000000000e+02	4.000399999999999778e+01	1.666400000000000148e+02	1.687359999999999900e+02	1.783873902574832186e+02
1.600000000000000000e+02	4.999399999999999977e+01	1.768100000000000023e+02	1.785610000000000070e+02	1.711247145968321490e+02
1.599499999999999886e+02	4.999399999999999977e+01	1.769799999999999898e+02	1.786089999999999804e+02	1.700454561766151187e+02
1.599799999999999898e+02	5.999799999999999756e+01	1.855300000000000011e+02	1.877729999999999961e+02	1.909792360419257875e+02
1.599699999999999989e+02	5.999799999999999756e+01	1.857999999999999829e+02	1.877820000000000107e+02	1.981462334925363109e+02
1.600500000000000114e+02	6.999599999999999511e+01	1.935999999999999943e+02	1.964029999999999916e+02	2.092373661006207044e+02
1.599399999999999977e+02	6.999599999999999511e+01	1.941700000000000159e+02	1.965060000000000002e+02	1.831527830133791213e+02
1.799600000000000080e+02	6.999599999999999511e+01	1.769799999999999898e+02	1.787379999999999995e+02	1.795832167927307808e+02
1.800000000000000000e+02	6.999599999999999511e+01	1.770600000000000023e+02	1.787040000000000077e+02	1.739249195310770233e+02
1.799099999999999966e+02	5.999799999999999756e+01	1.682800000000000011e+02	1.698209999999999980e+02	1.631475483361422505e+02
1.799600000000000080e+02	5.000099999999999767e+01	1.583700000000000045e+02	1.602319999999999993e+02	1.586833903787974123e+02
1.799199999999999875e+02	4.000399999999999778e+01	1.481699999999999875e+02	1.499189999999999827e+02	1.524277920839066667e+02
1.799499999999999886e+02	2.999899999999999878e+01	1.365300000000000011e+02	1.383559999999999945e+02	1.246749407509331462e+02
1.800000000000000000e+02	2.000199999999999889e+01	1.229100000000000108e+02	1.248120000000000118e+02	1.152813687837081886e+02
1.799799999999999898e+02	2.000199999999999889e+01	1.227899999999999920e+02	1.248319999999999936e+02	1.445554125914874533e+02
1.799799999999999898e+02	9.996999999999999886e+00	1.060000000000000000e+02	1.070420000000000016e+02	1.141483597646754333e+02
1.799799999999999898e+02	9.996999999999999886e+00	1.058299999999999983e+02	1.070420000000000016e+02	1.189133772548727279e+02
1.799799999999999898e+02	4.998999999999999666e+00	9.392000000000000171e+01	9.329610000000000980e+01	1.103418302109848668e+02
1.799900000000000091e+02	4.998999999999999666e+00	9.415999999999999659e+01	9.328029999999999688e+01	1.009435071962833348e+02
