# Temp(K)	Pressure(MPa)	Experimental(mW/m*K)	NIST(mW/m*K)	Model(mW/m*K)
1.338739999999999952e+02	3.150000000000000022e-01	1.480000000000000071e+01	1.441009999999999991e+01	1.210715103149414062e+01
1.443300000000000125e+02	3.569999999999999840e-01	1.590000000000000036e+01	1.560379999999999967e+01	1.618804168701171875e+01
1.440240000000000009e+02	6.500000000000000222e-01	1.660000000000000142e+01	1.641769999999999996e+01	1.706957626342773438e+01
1.539219999999999970e+02	4.289999999999999925e-01	1.700000000000000000e+01	1.678920000000000101e+01	1.645783805847167969e+01
1.542340000000000089e+02	7.309999999999999831e-01	1.769999999999999929e+01	1.752099999999999724e+01	1.733937263488769531e+01
1.539190000000000111e+02	1.082000000000000073e+00	1.859999999999999787e+01	1.866599999999999682e+01	1.882433891296386719e+01
1.643849999999999909e+02	4.460000000000000075e-01	1.810000000000000142e+01	1.797510000000000119e+01	1.824257469177246094e+01
1.640589999999999975e+02	9.350000000000000533e-01	1.900000000000000000e+01	1.892740000000000222e+01	1.870398139953613281e+01
1.636169999999999902e+02	1.657000000000000028e+00	2.139999999999999858e+01	2.144089999999999918e+01	2.018894767761230469e+01
1.745409999999999968e+02	4.060000000000000275e-01	1.909999999999999787e+01	1.906909999999999883e+01	1.983603286743164062e+01
1.741570000000000107e+02	1.014999999999999902e+00	2.019999999999999929e+01	2.006439999999999912e+01	2.029698371887207031e+01
1.737539999999999907e+02	1.750999999999999890e+00	2.200000000000000000e+01	2.198499999999999943e+01	2.220253372192382812e+01
1.732520000000000095e+02	2.460999999999999854e+00	2.560000000000000142e+01	2.574819999999999709e+01	2.281254577636718750e+01
1.746920000000000073e+02	2.644000000000000128e+00	9.420000000000000284e+01	2.705659999999999954e+01	2.432468032836914062e+01
1.846649999999999920e+02	7.520000000000000018e-01	2.060000000000000142e+01	2.074549999999999983e+01	2.244647216796875000e+01
1.848439999999999941e+02	1.508000000000000007e+00	2.200000000000000000e+01	2.213889999999999958e+01	2.393143844604492188e+01
1.844389999999999930e+02	2.251999999999999780e+00	2.400000000000000000e+01	2.415950000000000131e+01	2.419533348083496094e+01
1.841450000000000102e+02	2.883999999999999897e+00	2.700000000000000000e+01	2.713200000000000145e+01	2.573683929443359375e+01
1.838569999999999993e+02	3.450000000000000178e+00	3.320000000000000284e+01	3.294749999999999801e+01	2.881369018554687500e+01
1.993040000000000020e+02	1.012999999999999901e+00	2.270000000000000284e+01	2.268430000000000035e+01	2.261455535888671875e+01
1.986069999999999993e+02	1.530999999999999917e+00	2.330000000000000071e+01	2.338850000000000051e+01	2.451179695129394531e+01
1.986999999999999886e+02	2.669999999999999929e+00	2.589999999999999858e+01	2.575370000000000203e+01	2.642711067199707031e+01
1.983650000000000091e+02	3.520000000000000018e+00	2.880000000000000071e+01	2.868079999999999785e+01	2.815304756164550781e+01
1.983629999999999995e+02	4.155999999999999694e+00	3.250000000000000000e+01	3.238259999999999650e+01	2.836657905578613281e+01
2.142290000000000134e+02	1.068000000000000060e+00	2.429999999999999716e+01	2.434959999999999880e+01	2.534280204772949219e+01
2.145459999999999923e+02	1.747000000000000108e+00	2.530000000000000071e+01	2.524399999999999977e+01	2.534280204772949219e+01
2.141100000000000136e+02	3.036000000000000032e+00	2.759999999999999787e+01	2.736819999999999808e+01	2.616947746276855469e+01
2.138429999999999893e+02	4.165000000000000036e+00	3.070000000000000284e+01	3.024279999999999902e+01	2.873903083801269531e+01
2.340320000000000107e+02	9.779999999999999805e-01	2.639999999999999858e+01	2.649450000000000216e+01	2.595387458801269531e+01
2.350910000000000082e+02	3.145999999999999908e+00	2.939999999999999858e+01	2.921160000000000068e+01	2.900275421142578125e+01
2.549000000000000057e+02	1.018999999999999906e+00	2.889999999999999858e+01	2.901419999999999888e+01	2.714640617370605469e+01
2.555889999999999986e+02	2.714999999999999858e+00	3.080000000000000071e+01	3.074249999999999972e+01	2.895180702209472656e+01
2.749359999999999786e+02	1.014999999999999902e+00	3.139999999999999858e+01	3.151199999999999690e+01	3.230607223510742188e+01
2.751129999999999995e+02	2.495999999999999996e+00	3.280000000000000426e+01	3.278059999999999974e+01	3.945014190673828125e+01
2.747669999999999959e+02	4.448000000000000398e+00	3.500000000000000000e+01	3.476690000000000680e+01	3.554799652099609375e+01
2.957440000000000282e+02	9.879999999999999893e-01	3.379999999999999716e+01	3.422830000000000439e+01	3.364664840698242188e+01
2.955070000000000050e+02	1.949000000000000066e+00	3.460000000000000142e+01	3.490010000000000190e+01	3.114809989929199219e+01
2.952019999999999982e+02	3.912999999999999812e+00	3.639999999999999858e+01	3.652309999999999945e+01	3.557124710083007812e+01
3.080769999999999982e+02	1.076000000000000068e+00	3.579999999999999716e+01	3.597920000000000584e+01	3.195764732360839844e+01
3.083210000000000264e+02	2.676000000000000156e+00	3.719999999999999574e+01	3.715769999999999840e+01	3.387295913696289062e+01
1.346450000000000102e+02	3.160000000000000031e-01	1.483000000000000007e+01	1.449049999999999905e+01	1.210715103149414062e+01
1.341189999999999998e+02	3.160000000000000031e-01	1.475000000000000000e+01	1.443769999999999953e+01	1.210715103149414062e+01
1.336059999999999945e+02	3.150000000000000022e-01	1.475000000000000000e+01	1.438339999999999996e+01	1.210715103149414062e+01
1.331270000000000095e+02	3.140000000000000013e-01	1.471000000000000085e+01	1.433279999999999887e+01	1.210715103149414062e+01
1.451510000000000105e+02	3.569999999999999840e-01	1.597000000000000242e+01	1.569150000000000134e+01	1.480821609497070312e+01
1.445490000000000066e+02	3.569999999999999840e-01	1.590000000000000036e+01	1.562710000000000221e+01	1.480821609497070312e+01
1.440339999999999918e+02	3.569999999999999840e-01	1.583999999999999986e+01	1.557230000000000025e+01	1.480821609497070312e+01
1.435869999999999891e+02	3.569999999999999840e-01	1.583999999999999986e+01	1.552480000000000082e+01	1.480821609497070312e+01
1.447460000000000093e+02	6.500000000000000222e-01	1.658000000000000185e+01	1.647339999999999804e+01	1.559068107604980469e+01
1.442580000000000098e+02	6.500000000000000222e-01	1.658999999999999986e+01	1.643560000000000088e+01	1.559068107604980469e+01
1.436899999999999977e+02	6.500000000000000222e-01	1.660000000000000142e+01	1.639250000000000185e+01	1.559068107604980469e+01
1.434029999999999916e+02	6.500000000000000222e-01	1.651999999999999957e+01	1.637109999999999843e+01	1.559068107604980469e+01
1.547100000000000080e+02	4.289999999999999925e-01	1.708000000000000185e+01	1.687480000000000047e+01	1.495572662353515625e+01
1.541289999999999907e+02	4.289999999999999925e-01	1.717000000000000171e+01	1.681159999999999854e+01	1.528398036956787109e+01
1.536870000000000118e+02	4.289999999999999925e-01	1.696999999999999886e+01	1.676370000000000005e+01	1.503258705139160156e+01
1.531610000000000014e+02	4.289999999999999925e-01	1.691000000000000014e+01	1.670670000000000144e+01	1.503258705139160156e+01
1.550000000000000000e+02	7.309999999999999831e-01	1.780999999999999872e+01	1.759029999999999916e+01	1.551382160186767578e+01
1.544600000000000080e+02	7.309999999999999831e-01	1.773000000000000043e+01	1.754129999999999967e+01	1.551382160186767578e+01
1.539830000000000041e+02	7.309999999999999831e-01	1.771000000000000085e+01	1.749849999999999994e+01	1.584207630157470703e+01
1.534929999999999950e+02	7.309999999999999831e-01	1.762000000000000099e+01	1.745489999999999853e+01	1.559068107604980469e+01
1.546109999999999900e+02	1.082000000000000073e+00	1.875999999999999801e+01	1.869669999999999987e+01	1.749164009094238281e+01
1.541649999999999920e+02	1.082000000000000073e+00	1.866000000000000014e+01	1.867660000000000053e+01	1.781989479064941406e+01
1.536220000000000141e+02	1.082000000000000073e+00	1.864000000000000057e+01	1.865360000000000085e+01	1.756850051879882812e+01
1.532769999999999868e+02	1.082000000000000073e+00	1.851999999999999957e+01	1.863990000000000080e+01	1.756850051879882812e+01
1.652489999999999952e+02	4.460000000000000075e-01	1.821000000000000085e+01	1.807200000000000273e+01	1.759495353698730469e+01
1.646270000000000095e+02	4.460000000000000075e-01	1.810999999999999943e+01	1.800219999999999843e+01	1.759495353698730469e+01
1.640080000000000098e+02	4.460000000000000075e-01	1.807000000000000028e+01	1.793290000000000006e+01	1.800537109375000000e+01
1.636539999999999964e+02	4.460000000000000075e-01	1.803000000000000114e+01	1.789329999999999998e+01	1.800537109375000000e+01
1.647889999999999873e+02	9.350000000000000533e-01	1.912000000000000099e+01	1.899370000000000047e+01	1.757782936096191406e+01
1.643360000000000127e+02	9.350000000000000533e-01	1.912000000000000099e+01	1.895240000000000080e+01	1.798824691772460938e+01
1.637369999999999948e+02	9.350000000000000533e-01	1.902999999999999758e+01	1.889829999999999899e+01	1.798824691772460938e+01
1.633720000000000141e+02	9.350000000000000533e-01	1.891000000000000014e+01	1.886570000000000036e+01	1.549669742584228516e+01
1.637700000000000102e+02	1.657000000000000028e+00	2.144000000000000128e+01	2.143810000000000215e+01	1.969108200073242188e+01
1.634350000000000023e+02	1.657000000000000028e+00	2.146999999999999886e+01	2.144449999999999790e+01	1.719953346252441406e+01
1.631109999999999900e+02	1.657000000000000028e+00	2.141000000000000014e+01	2.145189999999999841e+01	1.719953346252441406e+01
1.754670000000000130e+02	4.060000000000000275e-01	1.922000000000000242e+01	1.917599999999999838e+01	3.426748657226562500e+01
1.747800000000000011e+02	4.060000000000000275e-01	1.908999999999999986e+01	1.909659999999999869e+01	3.426748657226562500e+01
1.742439999999999998e+02	4.060000000000000275e-01	1.910999999999999943e+01	1.903480000000000061e+01	2.284205055236816406e+01
1.736719999999999970e+02	4.060000000000000275e-01	1.907999999999999829e+01	1.896890000000000143e+01	2.325805091857910156e+01
1.749459999999999980e+02	1.014999999999999902e+00	2.028999999999999915e+01	2.014310000000000045e+01	3.198748207092285156e+01
1.743700000000000045e+02	1.014999999999999902e+00	2.015000000000000213e+01	2.008559999999999945e+01	2.056204795837402344e+01
1.738870000000000005e+02	1.014999999999999902e+00	2.015000000000000213e+01	2.003759999999999764e+01	2.056204795837402344e+01
1.734240000000000066e+02	1.014999999999999902e+00	2.010000000000000142e+01	1.999190000000000111e+01	2.097804832458496094e+01
1.743930000000000007e+02	1.750999999999999890e+00	2.207000000000000028e+01	2.201219999999999999e+01	2.531022834777832031e+01
1.739840000000000089e+02	1.750999999999999890e+00	2.203000000000000114e+01	2.199449999999999861e+01	2.531022834777832031e+01
1.735039999999999907e+02	1.750999999999999890e+00	2.216000000000000014e+01	2.197489999999999810e+01	2.572622871398925781e+01
1.731349999999999909e+02	1.752000000000000002e+00	2.194000000000000128e+01	2.196419999999999817e+01	2.492718315124511719e+01
1.737620000000000005e+02	2.459000000000000075e+00	2.566999999999999815e+01	2.563250000000000028e+01	2.546202468872070312e+01
1.734149999999999920e+02	2.459999999999999964e+00	2.578999999999999915e+01	2.570690000000000097e+01	2.022182273864746094e+01
1.730639999999999930e+02	2.460999999999999854e+00	2.585000000000000142e+01	2.578760000000000119e+01	1.590731430053710938e+01
1.727659999999999911e+02	2.462000000000000188e+00	2.528000000000000114e+01	2.586219999999999786e+01	1.590731430053710938e+01
1.854209999999999923e+02	7.520000000000000018e-01	2.071999999999999886e+01	2.083350000000000080e+01	2.103427696228027344e+01
1.849029999999999916e+02	7.520000000000000018e-01	2.076999999999999957e+01	2.077309999999999945e+01	2.103427696228027344e+01
1.843710000000000093e+02	7.520000000000000018e-01	2.078999999999999915e+01	2.071140000000000114e+01	2.103427696228027344e+01
1.839629999999999939e+02	7.520000000000000018e-01	2.010999999999999943e+01	2.066430000000000078e+01	2.103427696228027344e+01
1.856020000000000039e+02	1.506999999999999895e+00	2.216000000000000014e+01	2.221180000000000021e+01	2.340846061706542969e+01
1.850869999999999891e+02	1.508000000000000007e+00	2.208999999999999986e+01	2.216280000000000072e+01	2.340846061706542969e+01
1.845159999999999911e+02	1.508000000000000007e+00	2.205999999999999872e+01	2.210700000000000287e+01	2.340846061706542969e+01
1.841709999999999923e+02	1.508000000000000007e+00	2.151000000000000156e+01	2.207380000000000209e+01	2.340846061706542969e+01
1.850780000000000030e+02	2.251999999999999780e+00	2.416000000000000014e+01	2.418880000000000052e+01	2.359743881225585938e+01
1.845409999999999968e+02	2.250999999999999890e+00	2.397000000000000242e+01	2.416050000000000253e+01	2.359743881225585938e+01
1.842920000000000016e+02	2.251999999999999780e+00	2.374000000000000199e+01	2.415319999999999823e+01	2.359743881225585938e+01
1.838439999999999941e+02	2.251999999999999780e+00	2.407000000000000028e+01	2.413510000000000133e+01	2.359743881225585938e+01
1.846879999999999882e+02	2.883999999999999897e+00	2.693999999999999773e+01	2.708070000000000022e+01	2.403402709960937500e+01
1.843000000000000114e+02	2.883999999999999897e+00	2.698999999999999844e+01	2.711660000000000181e+01	2.403402709960937500e+01
1.839180000000000064e+02	2.883999999999999897e+00	2.691999999999999815e+01	2.715570000000000306e+01	2.403402709960937500e+01
1.836740000000000066e+02	2.884999999999999787e+00	2.723000000000000043e+01	2.718939999999999912e+01	2.403402709960937500e+01
1.842429999999999950e+02	3.448999999999999844e+00	3.246000000000000085e+01	3.264559999999999462e+01	2.675333213806152344e+01
1.839639999999999986e+02	3.448999999999999844e+00	3.250999999999999801e+01	3.284850000000000136e+01	2.675333213806152344e+01
1.837330000000000041e+02	3.450000000000000178e+00	3.364000000000000057e+01	3.304610000000000269e+01	2.675333213806152344e+01
1.834859999999999900e+02	3.450000000000000178e+00	3.403999999999999915e+01	3.325349999999999540e+01	2.675333213806152344e+01
1.996759999999999877e+02	1.012999999999999901e+00	2.271000000000000085e+01	2.272259999999999991e+01	2.324662399291992188e+01
1.990060000000000002e+02	1.012999999999999901e+00	2.268999999999999773e+01	2.265370000000000061e+01	2.324662399291992188e+01
1.990329999999999870e+02	1.014000000000000012e+00	2.259999999999999787e+01	2.265779999999999816e+01	2.324662399291992188e+01
1.985440000000000111e+02	1.014000000000000012e+00	2.257999999999999829e+01	2.260780000000000101e+01	2.423381996154785156e+01
1.993300000000000125e+02	1.530999999999999917e+00	2.343999999999999773e+01	2.345380000000000109e+01	2.408593940734863281e+01
1.987350000000000136e+02	1.530999999999999917e+00	2.343999999999999773e+01	2.340000000000000213e+01	2.408593940734863281e+01
1.983470000000000084e+02	1.532000000000000028e+00	2.324000000000000199e+01	2.336690000000000111e+01	2.588909721374511719e+01
1.980159999999999911e+02	1.530999999999999917e+00	2.289999999999999858e+01	2.333589999999999876e+01	2.588909721374511719e+01
1.993789999999999907e+02	2.669000000000000039e+00	2.582000000000000028e+01	2.577240000000000109e+01	3.739466857910156250e+01
1.988930000000000007e+02	2.669999999999999929e+00	2.591999999999999815e+01	2.575939999999999941e+01	3.219289398193359375e+01
1.984710000000000036e+02	2.670999999999999819e+00	2.585999999999999943e+01	2.574980000000000047e+01	3.318008804321289062e+01
1.980550000000000068e+02	2.669000000000000039e+00	2.589000000000000057e+01	2.573359999999999914e+01	3.919783020019531250e+01
1.989010000000000105e+02	3.520000000000000018e+00	2.876000000000000156e+01	2.862589999999999790e+01	2.716090011596679688e+01
1.985349999999999966e+02	3.520000000000000018e+00	2.894000000000000128e+01	2.866270000000000095e+01	2.814809608459472656e+01
1.981779999999999973e+02	3.520000000000000018e+00	2.883999999999999986e+01	2.870139999999999958e+01	2.896405792236328125e+01
1.978470000000000084e+02	3.519000000000000128e+00	2.874000000000000199e+01	2.873519999999999897e+01	2.923396873474121094e+01
1.989199999999999875e+02	4.155999999999999694e+00	3.241000000000000369e+01	3.217569999999999908e+01	2.759163665771484375e+01
1.985449999999999875e+02	4.155999999999999694e+00	3.246000000000000085e+01	3.231280000000000285e+01	2.857883262634277344e+01
1.981289999999999907e+02	4.155999999999999694e+00	3.234999999999999432e+01	3.247570000000000334e+01	2.939479446411132812e+01
1.978559999999999945e+02	4.155999999999999694e+00	3.271000000000000085e+01	3.258939999999999770e+01	2.939479446411132812e+01
2.150529999999999973e+02	1.068000000000000060e+00	2.440000000000000213e+01	2.444019999999999726e+01	2.539638328552246094e+01
2.144890000000000043e+02	1.068000000000000060e+00	2.426999999999999957e+01	2.437809999999999988e+01	2.458397102355957031e+01
2.139470000000000027e+02	1.068000000000000060e+00	2.432000000000000028e+01	2.431859999999999999e+01	2.458397102355957031e+01
2.134259999999999877e+02	1.068000000000000060e+00	2.410999999999999943e+01	2.426149999999999807e+01	2.458397102355957031e+01
2.153280000000000030e+02	1.747000000000000108e+00	2.539000000000000057e+01	2.532270000000000110e+01	2.427916526794433594e+01
2.147899999999999920e+02	1.747000000000000108e+00	2.533999999999999986e+01	2.526849999999999952e+01	2.427916526794433594e+01
2.142599999999999909e+02	1.747000000000000108e+00	2.526999999999999957e+01	2.521529999999999916e+01	2.427916526794433594e+01
2.138060000000000116e+02	1.747999999999999998e+00	2.512000000000000099e+01	2.517120000000000246e+01	2.427916526794433594e+01
2.148640000000000043e+02	3.035000000000000142e+00	2.764000000000000057e+01	2.741460000000000008e+01	2.581725120544433594e+01
2.143259999999999934e+02	3.036000000000000032e+00	2.749000000000000199e+01	2.738190000000000168e+01	2.581725120544433594e+01
2.138460000000000036e+02	3.036000000000000032e+00	2.785999999999999943e+01	2.735160000000000124e+01	2.581725120544433594e+01
2.135660000000000025e+02	3.037999999999999812e+00	2.760999999999999943e+01	2.733830000000000027e+01	2.581725120544433594e+01
2.144310000000000116e+02	4.165000000000000036e+00	3.068999999999999773e+01	3.023220000000000240e+01	3.246736907958984375e+01
2.140209999999999866e+02	4.165000000000000036e+00	3.067999999999999972e+01	3.023930000000000007e+01	3.246736907958984375e+01
2.136250000000000000e+02	4.165000000000000036e+00	3.066999999999999815e+01	3.024739999999999895e+01	3.246736907958984375e+01
2.132959999999999923e+02	4.165000000000000036e+00	3.068999999999999773e+01	3.025499999999999901e+01	3.246736907958984375e+01
2.349559999999999889e+02	9.769999999999999796e-01	2.653000000000000114e+01	2.660099999999999909e+01	2.322249412536621094e+01
2.343830000000000098e+02	9.779999999999999805e-01	2.645000000000000284e+01	2.653530000000000300e+01	2.748931312561035156e+01
2.336370000000000005e+02	9.779999999999999805e-01	2.633999999999999986e+01	2.644859999999999900e+01	2.748931312561035156e+01
2.331519999999999868e+02	9.789999999999999813e-01	2.632000000000000028e+01	2.639329999999999998e+01	2.748931312561035156e+01
2.360320000000000107e+02	3.145000000000000018e+00	2.944999999999999929e+01	2.929560000000000031e+01	2.766177177429199219e+01
2.353160000000000025e+02	3.145999999999999908e+00	2.944999999999999929e+01	2.923199999999999932e+01	2.953773880004882812e+01
2.347529999999999859e+02	3.146999999999999797e+00	2.935000000000000142e+01	2.918260000000000076e+01	2.919795036315917969e+01
2.342609999999999957e+02	3.148000000000000131e+00	2.935999999999999943e+01	2.914000000000000057e+01	2.919795036315917969e+01
2.558350000000000080e+02	1.020000000000000018e+00	2.905999999999999872e+01	2.912899999999999778e+01	2.629951667785644531e+01
2.551769999999999925e+02	1.020000000000000018e+00	2.900000000000000000e+01	2.904879999999999995e+01	2.629951667785644531e+01
2.546450000000000102e+02	1.018999999999999906e+00	2.887000000000000099e+01	2.898310000000000031e+01	2.546029472351074219e+01
2.539430000000000121e+02	1.018999999999999906e+00	2.880999999999999872e+01	2.889780000000000015e+01	2.546029472351074219e+01
2.565179999999999723e+02	2.713999999999999968e+00	3.098000000000000043e+01	3.084390000000000143e+01	2.779668235778808594e+01
2.558640000000000043e+02	2.713999999999999968e+00	3.081000000000000227e+01	3.077169999999999916e+01	2.779668235778808594e+01
2.552369999999999948e+02	2.716000000000000192e+00	3.080000000000000071e+01	3.070489999999999853e+01	2.779668235778808594e+01
2.547350000000000136e+02	2.717000000000000082e+00	3.075999999999999801e+01	3.065090000000000003e+01	2.695745658874511719e+01
2.758199999999999932e+02	1.014999999999999902e+00	3.151999999999999957e+01	3.162530000000000285e+01	1.297081756591796875e+02
2.752180000000000177e+02	1.014999999999999902e+00	3.144000000000000128e+01	3.154810000000000159e+01	1.297081756591796875e+02
2.746229999999999905e+02	1.014999999999999902e+00	3.133999999999999986e+01	3.147200000000000131e+01	2.422863388061523438e+01
2.740830000000000268e+02	1.016000000000000014e+00	3.133999999999999986e+01	3.140380000000000393e+01	2.422863388061523438e+01
2.760190000000000055e+02	2.495000000000000107e+00	3.288000000000000256e+01	3.288930000000000575e+01	1.054879913330078125e+02
2.753820000000000050e+02	2.495000000000000107e+00	3.289000000000000057e+01	3.281219999999999715e+01	1.054879913330078125e+02
2.747649999999999864e+02	2.495999999999999996e+00	3.277000000000000313e+01	3.273859999999999815e+01	-1.388055086135864258e+00
2.742850000000000250e+02	2.496999999999999886e+00	3.273999999999999488e+01	3.268169999999999931e+01	-1.388055086135864258e+00
2.755459999999999923e+02	4.445999999999999730e+00	3.509000000000000341e+01	3.484580000000000410e+01	1.375811614990234375e+02
2.750659999999999741e+02	4.447000000000000064e+00	3.495000000000000284e+01	3.479690000000000083e+01	6.151832962036132812e+01
2.744329999999999927e+02	4.448000000000000398e+00	3.499000000000000199e+01	3.473219999999999885e+01	3.210160446166992188e+01
2.740210000000000150e+02	4.448999999999999844e+00	3.489000000000000057e+01	3.469069999999999965e+01	3.210160446166992188e+01
2.967830000000000155e+02	9.879999999999999893e-01	3.402000000000000313e+01	3.436880000000000024e+01	3.361551284790039062e+01
2.960419999999999732e+02	9.879999999999999893e-01	3.389000000000000057e+01	3.426860000000000639e+01	3.361551284790039062e+01
2.953519999999999754e+02	9.879999999999999893e-01	3.382999999999999829e+01	3.417540000000000333e+01	4.491788864135742188e+01
2.947970000000000255e+02	9.889999999999999902e-01	3.357000000000000028e+01	3.410119999999999862e+01	1.674439849853515625e+02
2.964300000000000068e+02	1.949000000000000066e+00	3.477000000000000313e+01	3.502170000000000272e+01	2.843048667907714844e+01
2.957830000000000155e+02	1.949000000000000066e+00	3.464999999999999858e+01	3.493639999999999901e+01	2.843048667907714844e+01
2.951770000000000209e+02	1.949999999999999956e+00	3.464999999999999858e+01	3.485739999999999839e+01	1.622589874267578125e+02
2.946379999999999768e+02	1.949999999999999956e+00	3.450999999999999801e+01	3.478659999999999997e+01	1.622589874267578125e+02
2.960230000000000246e+02	3.911000000000000032e+00	3.647999999999999687e+01	3.662109999999999843e+01	3.269867324829101562e+01
2.954130000000000109e+02	3.911999999999999922e+00	3.650999999999999801e+01	3.654779999999999518e+01	4.400104904174804688e+01
2.949150000000000205e+02	3.912999999999999812e+00	3.639999999999999858e+01	3.648839999999999861e+01	1.666943969726562500e+02
2.944580000000000268e+02	3.914000000000000146e+00	3.638000000000000256e+01	3.643400000000000460e+01	1.666943969726562500e+02
3.090849999999999795e+02	1.076000000000000068e+00	3.590999999999999659e+01	3.611969999999999459e+01	2.545639038085937500e+01
3.083410000000000082e+02	1.076000000000000068e+00	3.610000000000000142e+01	3.601599999999999824e+01	2.545639038085937500e+01
3.077549999999999955e+02	1.076999999999999957e+00	3.581000000000000227e+01	3.593509999999999849e+01	2.594806289672851562e+01
3.071279999999999859e+02	1.076999999999999957e+00	3.557999999999999829e+01	3.584799999999999898e+01	2.594806289672851562e+01
3.092139999999999986e+02	2.674999999999999822e+00	3.742000000000000171e+01	3.727649999999999864e+01	3.204412460327148438e+01
3.086240000000000236e+02	2.674999999999999822e+00	3.733000000000000540e+01	3.719749999999999801e+01	3.204412460327148438e+01
3.080330000000000155e+02	2.676000000000000156e+00	3.700999999999999801e+01	3.711910000000000309e+01	2.976378440856933594e+01
3.074139999999999873e+02	2.677999999999999936e+00	3.692999999999999972e+01	3.703800000000000381e+01	2.976378440856933594e+01
3.011000000000000227e+02	1.610000000000000098e+00	3.585000000000000142e+01	3.539359999999999928e+01	2.577375984191894531e+01
3.009800000000000182e+02	2.100000000000000089e+00	3.606000000000000227e+01	3.573949999999999960e+01	2.577375984191894531e+01
3.008999999999999773e+02	2.359999999999999876e+00	3.635000000000000142e+01	3.592780000000000484e+01	2.577375984191894531e+01
3.008899999999999864e+02	3.060000000000000053e+00	3.697999999999999687e+01	3.648680000000000234e+01	2.782941246032714844e+01
3.006399999999999864e+02	3.600000000000000089e+00	3.728999999999999915e+01	3.691349999999999909e+01	3.004196166992187500e+01
3.005400000000000205e+02	4.080000000000000071e+00	3.771999999999999886e+01	3.732939999999999969e+01	3.020922660827636719e+01
3.074800000000000182e+02	1.840000000000000080e+00	3.645000000000000284e+01	3.642510000000000048e+01	2.577375984191894531e+01
3.072699999999999818e+02	2.600000000000000089e+00	3.700999999999999801e+01	3.695889999999999986e+01	2.983821868896484375e+01
3.071600000000000250e+02	3.310000000000000053e+00	3.761999999999999744e+01	3.750540000000000163e+01	3.148661422729492188e+01
3.070299999999999727e+02	3.930000000000000160e+00	3.808999999999999631e+01	3.800880000000000081e+01	3.020922660827636719e+01
3.069599999999999795e+02	4.490000000000000213e+00	3.862000000000000455e+01	3.849559999999999604e+01	2.830872917175292969e+01
1.253499999999999943e+02	1.013249999999999984e-01	1.336800000000000033e+01	1.291510000000000069e+01	4.061259841918945312e+01
1.404900000000000091e+02	1.013249999999999984e-01	1.509600000000000009e+01	1.466169999999999973e+01	4.061259841918945312e+01
1.552899999999999920e+02	1.013249999999999984e-01	1.675700000000000145e+01	1.639339999999999975e+01	4.280841064453125000e+01
1.699300000000000068e+02	1.013249999999999984e-01	1.843499999999999872e+01	1.811400000000000077e+01	4.278510284423828125e+01
1.854099999999999966e+02	1.013249999999999984e-01	2.010399999999999920e+01	1.994550000000000267e+01	4.721282958984375000e+01
2.012400000000000091e+02	1.013249999999999984e-01	2.194500000000000028e+01	2.179360000000000142e+01	4.633380126953125000e+01
2.166899999999999977e+02	1.013249999999999984e-01	2.378200000000000003e+01	2.360840000000000316e+01	4.777498245239257812e+01
2.317100000000000080e+02	1.013249999999999984e-01	2.559399999999999764e+01	2.540510000000000090e+01	4.794674301147460938e+01
2.468600000000000136e+02	1.013249999999999984e-01	2.742199999999999704e+01	2.725779999999999959e+01	4.959202575683593750e+01
2.628500000000000227e+02	1.013249999999999984e-01	2.939300000000000068e+01	2.926849999999999952e+01	5.059275054931640625e+01
2.787200000000000273e+02	1.013249999999999984e-01	3.142199999999999704e+01	3.133079999999999998e+01	1.906731262207031250e+02
2.900899999999999750e+02	1.013249999999999984e-01	3.358100000000000307e+01	3.285399999999999920e+01	1.849816436767578125e+02
3.240000000000000000e+02	1.013249999999999984e-01	3.759700000000000131e+01	3.764519999999999555e+01	3.869863510131835938e+01
3.386000000000000227e+02	1.013249999999999984e-01	3.991100000000000136e+01	3.982759999999999678e+01	3.869863510131835938e+01
3.539599999999999795e+02	1.013249999999999984e-01	4.200000000000000000e+01	4.220179999999999865e+01	3.869863510131835938e+01
3.683299999999999841e+02	1.013249999999999984e-01	4.489000000000000057e+01	4.449430000000000263e+01	3.869863510131835938e+01
3.835699999999999932e+02	1.013249999999999984e-01	4.759700000000000131e+01	4.699880000000000280e+01	4.448207473754882812e+01
2.994499999999999886e+02	1.000000000000000056e-01	3.474000000000000199e+01	3.413759999999999906e+01	3.367247772216796875e+01
2.994499999999999886e+02	1.070000000000000062e+00	3.492000000000000171e+01	3.478789999999999338e+01	3.200475311279296875e+01
2.994499999999999886e+02	2.040000000000000036e+00	3.599000000000000199e+01	3.549069999999999681e+01	3.177727317810058594e+01
2.994499999999999886e+02	3.000000000000000000e+00	3.656000000000000227e+01	3.625169999999999959e+01	3.347098541259765625e+01
2.994499999999999886e+02	3.970000000000000195e+00	3.767999999999999972e+01	3.709490000000000265e+01	3.620111083984375000e+01
2.751800000000000068e+02	1.013249999999999984e-01	3.048000000000000114e+02	3.086459999999999937e+01	3.402714538574218750e+01
2.761800000000000068e+02	1.013249999999999984e-01	3.061899999999999977e+02	3.099589999999999890e+01	3.441797637939453125e+01
2.771700000000000159e+02	1.013249999999999984e-01	3.085300000000000296e+02	3.112620000000000076e+01	3.441797637939453125e+01
2.791700000000000159e+02	1.013249999999999984e-01	3.107900000000000205e+02	3.139039999999999964e+01	3.441797637939453125e+01
2.811800000000000068e+02	1.013249999999999984e-01	3.137200000000000273e+02	3.165699999999999648e+01	3.441797637939453125e+01
2.831800000000000068e+02	1.013249999999999984e-01	3.137200000000000273e+02	3.192360000000000397e+01	3.441797637939453125e+01
2.750500000000000114e+02	1.013249999999999984e-01	3.146369999999999578e+01	3.084750000000000014e+01	3.402714538574218750e+01
2.977500000000000000e+02	1.013249999999999984e-01	3.435060000000000002e+01	3.390310000000000201e+01	3.532628250122070312e+01
3.167500000000000000e+02	1.013249999999999984e-01	3.707019999999999982e+01	3.658850000000000335e+01	3.735290145874023438e+01
3.482500000000000000e+02	1.013249999999999984e-01	4.188179999999999836e+01	4.130989999999999895e+01	3.869863510131835938e+01
2.775939999999999941e+02	1.013249999999999984e-01	3.121900000000000119e+01	3.118210000000000193e+01	3.441797637939453125e+01
3.109279999999999973e+02	1.013249999999999984e-01	3.523499999999999943e+01	3.575280000000000058e+01	3.707098388671875000e+01
3.775939999999999941e+02	1.013249999999999984e-01	4.462800000000000011e+01	4.600789999999999935e+01	4.448207473754882812e+01
4.109279999999999973e+02	1.013249999999999984e-01	5.050500000000000256e+01	5.167449999999999477e+01	5.042198181152343750e+01
4.442610000000000241e+02	1.013249999999999984e-01	5.571700000000000585e+01	5.765739999999999554e+01	5.134336853027343750e+01
2.998000000000000114e+02	1.013249999999999984e-01	3.376489999999999725e+01	3.418710000000000093e+01	3.500510787963867188e+01
3.330000000000000000e+02	1.013249999999999984e-01	3.816230000000000189e+01	3.898190000000000310e+01	3.869863510131835938e+01
3.755000000000000000e+02	1.013249999999999984e-01	4.458050000000000068e+01	4.566340000000000288e+01	4.448207473754882812e+01
4.233000000000000114e+02	1.013249999999999984e-01	5.237109999999999843e+01	5.386019999999999897e+01	5.134336853027343750e+01
4.723000000000000114e+02	1.013249999999999984e-01	6.045040000000000191e+01	6.290709999999999269e+01	5.827496719360351562e+01
2.386999999999999886e+02	1.000000000000000056e-01	2.607999999999999829e+01	2.625309999999999988e+01	2.842467498779296875e+01
2.318000000000000114e+02	1.000000000000000056e-01	2.525000000000000000e+01	2.541479999999999961e+01	2.762847328186035156e+01
2.248000000000000114e+02	1.000000000000000056e-01	2.444999999999999929e+01	2.457290000000000063e+01	2.749217796325683594e+01
2.164000000000000057e+02	1.000000000000000056e-01	2.347000000000000242e+01	2.357269999999999754e+01	2.702812385559082031e+01
2.100000000000000000e+02	1.000000000000000056e-01	2.271000000000000085e+01	2.281729999999999947e+01	2.679747390747070312e+01
1.831999999999999886e+02	1.000000000000000056e-01	1.967999999999999972e+01	1.968030000000000257e+01	2.577708816528320312e+01
1.768000000000000114e+02	1.000000000000000056e-01	1.900999999999999801e+01	1.892220000000000013e+01	2.541313934326171875e+01
1.653000000000000114e+02	1.000000000000000056e-01	1.775000000000000000e+01	1.756739999999999924e+01	2.277745056152343750e+01
1.525999999999999943e+02	1.000000000000000056e-01	1.638999999999999702e+01	1.607600000000000051e+01	2.134674072265625000e+01
1.403000000000000114e+02	1.000000000000000056e-01	1.507000000000000028e+01	1.463730000000000153e+01	2.016990470886230469e+01
2.386999999999999886e+02	1.000000000000000056e-01	2.607999999999999829e+01	2.625309999999999988e+01	2.842467498779296875e+01
2.388000000000000114e+02	2.000000000000000111e-01	2.612999999999999901e+01	2.635269999999999868e+01	3.559165954589843750e+01
2.388000000000000114e+02	2.600000000000000089e-01	2.616000000000000014e+01	2.640469999999999828e+01	2.214124679565429688e+01
2.385000000000000000e+02	6.899999999999999467e-01	2.621999999999999886e+01	2.674910000000000210e+01	2.277652359008789062e+01
2.385000000000000000e+02	1.060000000000000053e+00	2.680000000000000071e+01	2.709469999999999956e+01	2.471362304687500000e+01
2.388000000000000114e+02	2.089999999999999858e+00	2.770999999999999730e+01	2.820960000000000178e+01	2.464632225036621094e+01
2.390000000000000000e+02	2.089999999999999858e+00	2.790000000000000213e+01	2.823130000000000095e+01	2.464632225036621094e+01
2.388000000000000114e+02	3.040000000000000036e+00	2.917000000000000171e+01	2.940510000000000090e+01	2.625706863403320312e+01
2.390000000000000000e+02	3.189999999999999947e+00	2.912000000000000099e+01	2.963390000000000057e+01	2.973146438598632812e+01
2.388000000000000114e+02	4.019999999999999574e+00	3.051999999999999957e+01	3.090520000000000067e+01	2.923669624328613281e+01
2.388000000000000114e+02	4.019999999999999574e+00	3.048000000000000043e+01	3.090520000000000067e+01	2.923669624328613281e+01
2.390000000000000000e+02	4.330000000000000071e+00	3.118999999999999773e+01	3.146240000000000236e+01	4.744244766235351562e+01
2.390000000000000000e+02	4.330000000000000071e+00	3.073000000000000043e+01	3.146240000000000236e+01	4.744244766235351562e+01
2.318000000000000114e+02	1.000000000000000056e-01	2.525000000000000000e+01	2.541479999999999961e+01	2.592558670043945312e+01
2.318000000000000114e+02	4.299999999999999933e-01	2.539000000000000057e+01	2.571419999999999817e+01	2.073446655273437500e+01
2.318000000000000114e+02	1.080000000000000071e+00	2.600000000000000000e+01	2.633800000000000097e+01	2.299065208435058594e+01
2.315999999999999943e+02	2.069999999999999840e+00	2.668999999999999773e+01	2.741740000000000066e+01	2.292335128784179688e+01
2.318000000000000114e+02	2.069999999999999840e+00	2.676999999999999957e+01	2.743840000000000146e+01	2.292335128784179688e+01
2.318000000000000114e+02	3.040000000000000036e+00	2.824000000000000199e+01	2.875749999999999673e+01	2.453409767150878906e+01
2.318000000000000114e+02	4.120000000000000107e+00	3.045000000000000284e+01	3.061979999999999791e+01	2.751372528076171875e+01
2.248000000000000114e+02	1.000000000000000056e-01	2.444999999999999929e+01	2.457290000000000063e+01	2.592558670043945312e+01
2.248000000000000114e+02	2.999999999999999889e-01	2.462000000000000099e+01	2.476200000000000045e+01	2.034331703186035156e+01
2.249000000000000057e+02	2.999999999999999889e-01	2.447999999999999687e+01	2.477390000000000114e+01	2.034331703186035156e+01
2.248000000000000114e+02	6.099999999999999867e-01	2.480000000000000071e+01	2.505979999999999919e+01	2.105355262756347656e+01
2.250000000000000000e+02	6.899999999999999467e-01	2.476999999999999957e+01	2.516209999999999880e+01	2.105355262756347656e+01
2.249000000000000057e+02	1.060000000000000053e+00	2.500000000000000000e+01	2.553059999999999974e+01	2.299065208435058594e+01
2.248000000000000114e+02	1.080000000000000071e+00	2.521000000000000085e+01	2.554060000000000130e+01	2.299065208435058594e+01
2.240999999999999943e+02	2.109999999999999876e+00	2.625999999999999801e+01	2.669729999999999848e+01	2.292335128784179688e+01
2.240999999999999943e+02	2.109999999999999876e+00	2.639000000000000057e+01	2.669729999999999848e+01	2.292335128784179688e+01
2.245999999999999943e+02	3.040000000000000036e+00	2.776999999999999957e+01	2.814229999999999876e+01	2.453409767150878906e+01
2.248000000000000114e+02	3.040000000000000036e+00	2.783000000000000185e+01	2.815859999999999985e+01	2.453409767150878906e+01
2.248000000000000114e+02	4.000000000000000000e+00	3.020000000000000284e+01	3.000489999999999924e+01	2.751372528076171875e+01
2.249000000000000057e+02	4.019999999999999574e+00	3.016999999999999815e+01	3.005359999999999943e+01	2.751372528076171875e+01
2.164000000000000057e+02	1.000000000000000056e-01	2.347000000000000242e+01	2.357269999999999754e+01	2.684684371948242188e+01
2.163000000000000114e+02	4.199999999999999845e-01	2.360999999999999943e+01	2.388169999999999860e+01	2.118082809448242188e+01
2.160999999999999943e+02	1.090000000000000080e+00	2.414000000000000057e+01	2.458089999999999975e+01	2.391190910339355469e+01
2.160999999999999943e+02	1.969999999999999973e+00	2.530000000000000071e+01	2.571120000000000161e+01	2.384460830688476562e+01
2.160999999999999943e+02	3.060000000000000053e+00	2.751999999999999957e+01	2.754590000000000316e+01	2.727602958679199219e+01
2.163000000000000114e+02	4.070000000000000284e+00	3.041000000000000014e+01	2.994209999999999994e+01	2.843498229980468750e+01
2.100000000000000000e+02	1.000000000000000056e-01	2.271000000000000085e+01	2.281729999999999947e+01	2.680177307128906250e+01
2.098000000000000114e+02	1.100000000000000089e+00	2.335999999999999943e+01	2.390609999999999857e+01	2.386683845520019531e+01
2.084000000000000057e+02	1.409999999999999920e+00	2.363000000000000256e+01	2.415940000000000154e+01	2.077035903930664062e+01
2.093000000000000114e+02	1.770000000000000018e+00	2.412999999999999901e+01	2.476039999999999708e+01	2.379953765869140625e+01
2.103000000000000114e+02	2.080000000000000071e+00	2.464999999999999858e+01	2.533320000000000149e+01	2.446917724609375000e+01
2.098000000000000114e+02	2.410000000000000142e+00	2.551999999999999957e+01	2.585330000000000084e+01	2.453345680236816406e+01
2.098000000000000114e+02	2.410000000000000142e+00	2.526999999999999957e+01	2.585330000000000084e+01	2.453345680236816406e+01
2.075000000000000000e+02	2.910000000000000142e+00	2.664999999999999858e+01	2.671320000000000050e+01	2.403004455566406250e+01
2.103000000000000114e+02	3.069999999999999840e+00	2.726999999999999957e+01	2.722170000000000201e+01	2.762692070007324219e+01
2.103000000000000114e+02	3.069999999999999840e+00	2.714000000000000057e+01	2.722170000000000201e+01	2.762692070007324219e+01
2.090000000000000000e+02	3.540000000000000036e+00	2.910000000000000142e+01	2.837370000000000303e+01	2.856539726257324219e+01
2.090000000000000000e+02	3.540000000000000036e+00	2.847999999999999687e+01	2.837370000000000303e+01	2.856539726257324219e+01
2.103000000000000114e+02	3.950000000000000178e+00	3.101999999999999957e+01	2.962500000000000000e+01	2.881297874450683594e+01
2.103000000000000114e+02	3.950000000000000178e+00	3.085999999999999943e+01	2.962500000000000000e+01	2.881297874450683594e+01
2.075000000000000000e+02	4.299999999999999822e+00	3.295000000000000284e+01	3.115050000000000097e+01	2.568290901184082031e+01
2.075000000000000000e+02	4.299999999999999822e+00	3.273999999999999488e+01	3.115050000000000097e+01	2.568290901184082031e+01
1.959000000000000057e+02	2.189999999999999947e+00	2.553000000000000114e+01	2.445990000000000109e+01	2.382198333740234375e+01
1.959000000000000057e+02	2.189999999999999947e+00	2.523000000000000043e+01	2.445990000000000109e+01	2.382198333740234375e+01
1.955999999999999943e+02	2.189999999999999947e+00	2.512999999999999901e+01	2.444549999999999912e+01	2.382198333740234375e+01
1.959000000000000057e+02	3.140000000000000124e+00	2.835000000000000142e+01	2.729989999999999739e+01	2.667548561096191406e+01
1.954000000000000057e+02	3.140000000000000124e+00	2.851999999999999957e+01	2.733779999999999788e+01	2.667548561096191406e+01
1.955999999999999943e+02	3.140000000000000124e+00	2.792000000000000171e+01	2.732199999999999918e+01	2.667548561096191406e+01
1.955999999999999943e+02	4.129999999999999893e+00	3.323000000000000398e+01	3.352770000000000294e+01	2.786154365539550781e+01
1.954000000000000057e+02	4.129999999999999893e+00	3.253000000000000114e+01	3.365630000000000166e+01	2.786154365539550781e+01
1.959000000000000057e+02	4.150000000000000355e+00	3.459000000000000341e+01	3.353940000000000055e+01	2.786154365539550781e+01
1.949000000000000057e+02	4.150000000000000355e+00	3.389999999999999858e+01	3.422540000000000049e+01	2.786154365539550781e+01
1.954000000000000057e+02	4.179999999999999716e+00	3.422999999999999687e+01	3.418500000000000227e+01	2.832835006713867188e+01
1.955999999999999943e+02	4.179999999999999716e+00	3.378999999999999915e+01	3.404270000000000351e+01	2.832835006713867188e+01
1.953000000000000114e+02	4.509999999999999787e+00	4.127000000000000313e+01	3.897289999999999566e+01	2.173595046997070312e+01
1.884000000000000057e+02	2.000000000000000000e+00	2.314000000000000057e+01	2.366880000000000095e+01	2.382198333740234375e+01
1.884000000000000057e+02	2.000000000000000000e+00	2.255000000000000071e+01	2.366880000000000095e+01	2.382198333740234375e+01
1.885999999999999943e+02	3.040000000000000036e+00	2.587000000000000099e+01	2.778020000000000067e+01	2.667548561096191406e+01
1.889000000000000057e+02	3.040000000000000036e+00	2.541000000000000014e+01	2.777659999999999840e+01	2.667548561096191406e+01
1.885999999999999943e+02	3.740000000000000213e+00	3.635000000000000142e+01	3.433200000000000074e+01	2.883124351501464844e+01
1.889000000000000057e+02	3.740000000000000213e+00	3.513000000000000256e+01	3.417309999999999803e+01	2.883124351501464844e+01
1.889000000000000057e+02	4.179999999999999716e+00	7.087999999999999545e+01	4.641559999999999775e+01	2.832835006713867188e+01
1.889000000000000057e+02	4.200000000000000178e+00	7.691000000000001080e+01	4.761509999999999820e+01	2.832835006713867188e+01
1.885999999999999943e+02	4.259999999999999787e+00	8.717000000000000171e+01	5.508639999999999759e+01	2.832835006713867188e+01
1.885999999999999943e+02	4.280000000000000249e+00	9.486999999999999034e+01	5.804349999999999454e+01	2.832835006713867188e+01
1.885999999999999943e+02	4.280000000000000249e+00	9.511999999999999034e+01	5.804349999999999454e+01	2.832835006713867188e+01
1.885999999999999943e+02	4.280000000000000249e+00	9.345000000000000284e+01	5.804349999999999454e+01	2.832835006713867188e+01
1.885999999999999943e+02	4.290000000000000036e+00	1.007000000000000028e+02	5.985920000000000130e+01	2.832835006713867188e+01
1.885999999999999943e+02	4.320000000000000284e+00	1.063999999999999915e+02	6.791060000000000230e+01	2.832835006713867188e+01
1.831999999999999886e+02	1.000000000000000056e-01	1.967999999999999972e+01	1.968030000000000257e+01	2.569606971740722656e+01
1.831999999999999886e+02	2.600000000000000089e-01	1.967999999999999972e+01	1.988569999999999993e+01	2.089756202697753906e+01
1.836999999999999886e+02	2.600000000000000089e-01	1.994999999999999929e+01	1.994510000000000005e+01	2.123761177062988281e+01
1.829000000000000057e+02	1.570000000000000062e+00	2.176999999999999957e+01	2.209689999999999799e+01	2.292573738098144531e+01
1.831999999999999886e+02	1.570000000000000062e+00	2.164999999999999858e+01	2.212389999999999901e+01	2.326280021667480469e+01
1.831999999999999886e+02	2.580000000000000071e+00	2.575000000000000000e+01	2.549719999999999942e+01	2.574138641357421875e+01
1.831999999999999886e+02	2.580000000000000071e+00	2.546000000000000085e+01	2.549719999999999942e+01	2.574138641357421875e+01
1.831999999999999886e+02	3.069999999999999840e+00	2.862999999999999901e+01	2.866979999999999862e+01	2.702754974365234375e+01
1.768000000000000114e+02	1.000000000000000056e-01	1.900999999999999801e+01	1.892220000000000013e+01	2.831447601318359375e+01
1.770000000000000000e+02	2.999999999999999889e-01	1.932000000000000028e+01	1.920770000000000266e+01	2.246005249023437500e+01
1.770000000000000000e+02	2.999999999999999889e-01	1.922000000000000242e+01	1.920770000000000266e+01	2.246005249023437500e+01
1.756999999999999886e+02	9.100000000000000311e-01	2.023000000000000043e+01	2.001879999999999882e+01	2.305044746398925781e+01
1.768000000000000114e+02	1.669999999999999929e+00	2.257999999999999829e+01	2.188729999999999976e+01	2.501683807373046875e+01
1.765000000000000000e+02	2.609999999999999876e+00	2.853000000000000114e+01	2.631060000000000088e+01	3.379318237304687500e+01
1.765000000000000000e+02	2.609999999999999876e+00	2.824000000000000199e+01	2.631060000000000088e+01	3.379318237304687500e+01
1.653000000000000114e+02	1.000000000000000056e-01	1.775000000000000000e+01	1.756739999999999924e+01	2.259120559692382812e+01
1.660000000000000000e+02	7.500000000000000000e-01	1.848000000000000043e+01	1.870629999999999882e+01	1.732717323303222656e+01
1.641999999999999886e+02	1.540000000000000036e+00	2.288000000000000256e+01	2.089219999999999899e+01	1.961393547058105469e+01
1.641999999999999886e+02	1.540000000000000036e+00	2.264999999999999858e+01	2.089219999999999899e+01	1.961393547058105469e+01
1.525999999999999943e+02	1.000000000000000056e-01	1.638999999999999702e+01	1.607600000000000051e+01	2.164641380310058594e+01
1.515000000000000000e+02	3.599999999999999867e-01	1.692999999999999972e+01	1.638860000000000028e+01	1.615589904785156250e+01
1.515000000000000000e+02	3.599999999999999867e-01	1.757999999999999829e+01	1.638860000000000028e+01	1.615589904785156250e+01
1.403000000000000114e+02	1.000000000000000056e-01	1.507000000000000028e+01	1.463730000000000153e+01	1.835303878784179688e+01
1.403000000000000114e+02	2.999999999999999889e-01	1.626000000000000156e+01	1.503950000000000031e+01	1.249860763549804688e+01
1.400000000000000000e+02	2.999999999999999889e-01	1.635999999999999943e+01	1.500729999999999897e+01	1.249860763549804688e+01
1.187999999999999972e+02	1.000000000000000056e-01	1.271000000000000085e+01	1.217680000000000007e+01	1.744370841979980469e+01
3.073500000000000227e+02	1.013249999999999984e-01	3.560000000000000142e+01	3.524490000000000123e+01	5.143186950683593750e+01
2.986499999999999773e+02	1.013249999999999984e-01	3.450000000000000000e+01	3.402759999999999962e+01	5.082287597656250000e+01
3.688500000000000227e+02	1.013249999999999984e-01	4.510000000000000142e+01	4.457849999999999824e+01	4.919308090209960938e+01
4.079499999999999886e+02	1.013249999999999984e-01	5.139999999999999858e+01	5.115480000000000160e+01	5.034823608398437500e+01
4.202500000000000000e+02	1.013249999999999984e-01	5.390000000000000568e+01	5.331739999999999924e+01	5.233209991455078125e+01
4.655500000000000114e+02	1.013249999999999984e-01	6.230000000000000426e+01	6.162650000000000006e+01	5.489468765258789062e+01
5.233500000000000227e+02	1.013249999999999984e-01	7.320000000000000284e+01	7.289939999999999998e+01	9.223160552978515625e+01
5.718500000000000227e+02	1.013249999999999984e-01	8.279999999999999716e+01	8.282390000000000896e+01	9.223160552978515625e+01
5.757500000000000000e+02	1.013249999999999984e-01	8.459999999999999432e+01	8.363750000000000284e+01	9.513837432861328125e+01
6.214500000000000455e+02	1.013249999999999984e-01	9.400000000000000000e+01	9.332179999999999609e+01	9.513837432861328125e+01
3.073500000000000227e+02	1.000000000000000056e-01	3.560000000000000142e+01	3.524399999999999977e+01	3.326735687255859375e+01
2.986499999999999773e+02	1.400000000000000133e-01	3.450000000000000000e+01	3.405339999999999634e+01	4.090901565551757812e+01
3.044499999999999886e+02	1.000000000000000000e+00	3.579999999999999716e+01	3.542549999999999955e+01	3.203072357177734375e+01
2.985500000000000114e+02	1.000000000000000000e+00	3.500000000000000000e+01	3.461700000000000443e+01	3.142172813415527344e+01
3.038500000000000227e+02	4.400000000000000355e+00	3.880000000000000426e+01	3.802959999999999496e+01	2.763384246826171875e+01
3.688500000000000227e+02	1.000000000000000056e-01	4.510000000000000142e+01	4.457780000000000342e+01	3.102857398986816406e+01
3.687500000000000000e+02	1.100000000000000089e+00	4.560000000000000142e+01	4.508760000000000190e+01	2.767134094238281250e+01
4.079499999999999886e+02	1.000000000000000056e-01	5.139999999999999858e+01	5.115409999999999968e+01	3.218372344970703125e+01
4.076499999999999773e+02	3.299999999999999822e+00	5.300000000000000000e+01	5.267560000000000286e+01	3.273767852783203125e+01
4.202500000000000000e+02	1.400000000000000133e-01	5.390000000000000568e+01	5.333500000000000085e+01	4.241823959350585938e+01
4.202500000000000000e+02	1.000000000000000000e+00	5.439999999999999858e+01	5.372529999999999717e+01	3.293095397949218750e+01
4.655500000000000114e+02	1.400000000000000133e-01	6.230000000000000426e+01	6.164229999999999876e+01	4.498082733154296875e+01
4.655500000000000114e+02	1.000000000000000000e+00	6.279999999999999716e+01	6.199139999999999873e+01	3.549354171752929688e+01
4.832500000000000000e+02	5.500000000000000444e-01	6.519999999999998863e+01	6.518030000000000257e+01	6.040834426879882812e+01
4.868500000000000227e+02	1.199999999999999956e+00	6.640000000000000568e+01	6.612740000000000862e+01	5.781940460205078125e+01
4.831499999999999773e+02	3.399999999999999911e+00	6.660000000000000853e+01	6.631710000000001060e+01	5.140989303588867188e+01
5.233500000000000227e+02	1.400000000000000133e-01	7.320000000000000284e+01	7.291330000000000666e+01	7.070150756835937500e+01
5.233500000000000227e+02	1.000000000000000000e+00	7.370000000000000284e+01	7.322119999999999607e+01	5.939813232421875000e+01
5.718500000000000227e+02	1.000000000000000056e-01	8.279999999999999716e+01	8.282340000000000657e+01	5.844983291625976562e+01
5.757500000000000000e+02	1.000000000000000056e-01	8.459999999999999432e+01	8.363710000000000377e+01	5.844983291625976562e+01
5.757500000000000000e+02	1.000000000000000000e+00	8.520000000000000284e+01	8.392839999999999634e+01	6.025400543212890625e+01
6.214500000000000455e+02	1.400000000000000133e-01	9.400000000000000000e+01	9.333339999999999748e+01	7.155738830566406250e+01
6.214500000000000455e+02	1.000000000000000000e+00	9.450000000000000000e+01	9.359019999999999584e+01	6.025400543212890625e+01
3.233500000000000227e+02	1.013249999999999984e-01	3.769999999999999574e+01	3.754970000000000141e+01	4.919200897216796875e+01
3.199499999999999886e+02	1.013249999999999984e-01	3.750000000000000000e+01	3.705270000000000152e+01	4.919200897216796875e+01
3.167500000000000000e+02	1.013249999999999984e-01	3.729999999999999716e+01	3.658850000000000335e+01	4.919200897216796875e+01
3.128500000000000227e+02	1.013249999999999984e-01	3.670000000000000284e+01	3.602740000000000009e+01	4.919200897216796875e+01
3.093500000000000227e+02	1.013249999999999984e-01	3.629999999999999716e+01	3.552830000000000155e+01	5.375447845458984375e+01
3.082500000000000000e+02	1.013249999999999984e-01	3.570000000000000284e+01	3.537219999999999942e+01	5.680150604248046875e+01
3.031499999999999773e+02	1.013249999999999984e-01	3.510000000000000142e+01	3.465409999999999968e+01	5.718410110473632812e+01
2.977500000000000000e+02	1.013249999999999984e-01	3.439999999999999858e+01	3.390310000000000201e+01	5.504776382446289062e+01
3.031499999999999773e+02	1.013249999999999984e-01	3.510000000000000142e+01	3.465409999999999968e+01	5.718410110473632812e+01
3.098500000000000227e+02	1.013249999999999984e-01	3.660000000000000142e+01	3.559929999999999950e+01	5.375447845458984375e+01
3.167500000000000000e+02	1.013249999999999984e-01	3.719999999999999574e+01	3.658850000000000335e+01	4.919200897216796875e+01
3.177500000000000000e+02	1.013249999999999984e-01	3.719999999999999574e+01	3.673320000000000363e+01	4.919200897216796875e+01
3.234499999999999886e+02	1.013249999999999984e-01	3.769999999999999574e+01	3.756439999999999912e+01	4.919200897216796875e+01
3.233500000000000227e+02	1.000000000000000056e-01	3.769999999999999574e+01	3.754890000000000327e+01	2.401510047912597656e+01
3.199499999999999886e+02	1.000000000000000056e-01	3.750000000000000000e+01	3.705189999999999628e+01	2.401510047912597656e+01
3.167500000000000000e+02	1.000000000000000056e-01	3.729999999999999716e+01	3.658769999999999811e+01	2.401510047912597656e+01
3.128500000000000227e+02	1.000000000000000056e-01	3.670000000000000284e+01	3.602660000000000196e+01	2.401510047912597656e+01
3.093500000000000227e+02	1.000000000000000056e-01	3.629999999999999716e+01	3.552740000000000009e+01	2.857757186889648438e+01
3.082500000000000000e+02	1.000000000000000056e-01	3.570000000000000284e+01	3.537139999999999418e+01	3.162459564208984375e+01
3.031499999999999773e+02	1.000000000000000056e-01	3.510000000000000142e+01	3.465320000000000533e+01	3.200719070434570312e+01
2.977500000000000000e+02	1.000000000000000056e-01	3.439999999999999858e+01	3.390220000000000056e+01	2.987085533142089844e+01
2.977500000000000000e+02	2.549999999999999822e+00	3.629999999999999716e+01	3.566480000000000672e+01	2.413102340698242188e+01
3.031499999999999773e+02	1.000000000000000056e-01	3.510000000000000142e+01	3.465320000000000533e+01	3.200719070434570312e+01
3.098500000000000227e+02	1.000000000000000056e-01	3.660000000000000142e+01	3.559850000000000136e+01	2.857757186889648438e+01
3.167500000000000000e+02	1.000000000000000056e-01	3.719999999999999574e+01	3.658769999999999811e+01	2.401510047912597656e+01
3.167500000000000000e+02	2.580000000000000071e+00	3.900000000000000000e+01	3.822999999999999687e+01	2.068288803100585938e+01
3.177500000000000000e+02	1.000000000000000056e-01	3.719999999999999574e+01	3.673230000000000217e+01	2.401510047912597656e+01
3.234499999999999886e+02	1.000000000000000056e-01	3.769999999999999574e+01	3.756360000000000099e+01	2.401510047912597656e+01
2.981499999999999773e+02	1.013249999999999984e-01	3.389999999999999858e+01	3.395839999999999748e+01	5.504776382446289062e+01
3.231499999999999773e+02	1.013249999999999984e-01	3.740000000000000568e+01	3.752040000000000219e+01	4.919200897216796875e+01
3.481499999999999773e+02	1.013249999999999984e-01	4.139999999999999858e+01	4.129440000000000310e+01	4.919200897216796875e+01
2.000800000000000125e+02	2.479999999999999982e+00	1.812999999999999945e+00	2.533940000000000126e+01	1.547192001342773438e+01
2.000800000000000125e+02	2.800000000000000266e-01	1.739999999999999880e-01	2.186340000000000217e+01	2.241237449645996094e+01
2.349499999999999886e+02	2.490000000000000213e+00	1.418999999999999817e+00	2.829169999999999874e+01	1.617205810546875000e+01
